6,3,6,3,4,2,4,3,2,2,3,4,6
5,5,3,5,3,3,4,3,2,3,4,3
6,3,6,6,5,5,5,4,2,5
5,3,3,7,6,4,4,2,3,3,7
4,4,3,4,5,4
4,6,3,4,4,5
4,2,3,5,3,5,4
6,6,2,3,2,6
2,3,5,5,4,4,2
5,5,2,3,5
6,4,2,3,5,5
5,4,2,5,6
5,5,4,5,3,4
3,3,3,2,3,5,3,4
2,1,3,4,3,3,3,6
6,3,5,4,3,2
5,3,5,4,2,2
6,5,3,4,4,2,4
5,3,4,5,4,6
3,2,4,5,5,5,4
4,2,4,5,3,6
6,6,4,5,6
5,5,3,2,5,4
3,5,6,3,6,5
3,5,4,3,4,3
3,5,5,8,5
4,3,5,6,2,8
3,4,4,3,4,3,4
6,4,2,5,2,2,2,2
5,5,5,6,3,3
4,4,3,2,3,2,7
5,9,3,4,3,4
2,4,5,3,6,3,5
4,4,4,4,3,3,4
4,4,4,3,5,4
3,3,3,6,4,3,3,3
3,3,5,3,5,5
26,3
5,6,4,4,2,3,6,6,2,1,5,5,5,3,4,5,5,5,6,5,4,7,3
6,5,5,6,3,5,4,3,5,6,3,6,6,7,3,5,7,3,4,5,7,6
4,3,4,5,3,6,3,3,5,6,4,6,6,7,5,6,2,8,4,3,5,7
5,3,4,4,6,5,8,5,3,5,7,5,6,2,4,5,5,6,5,7,3,4
5,4,3,4,4,5,3,5,4,5,5,3,6,3,3,5,5,3,6,3,3,4,3,3,5
3,8,11,7,10,5,11,21,3
6,13,7,7,5,4,9,12,2
5,3,5,5,3,5,3,5,3,5,7,4,6,6,7,4,5,6,5,5,2,6,3
7,10,2,10,2,13,6,6,11,4,1,5
3,4,3,5,4,4,4,5,6,5,4,5,6,4,6,3,2,4,4,2,3,4,5,6
8,4,5,4,3,6,5,3,3,4,5,3,3,5,3,4,5,6,5,4,6,4,2
5,6,2,2,2,4,6,4,5,3,5,2,5,6,7,6,4,3,5,3,6,2,3
5,7,4,5,6,6,4,5,4,3,4,4,4,4,4,4,6,3,4,4,4,4
5,5,6,3,5,4,5,6,3,4,3,5,3,5,7,4,5,6,5,2,5,6
6,6,2,2,5,5,5,6,3,4,5,3,2,4,7,4,3,6,4,3,4,4,4
4,3,5,5,4,7,4,3,4,6,2,4,4,3,5,5,6,6,4,4,4,6
5,3,4,7,4,5,2,3,4,3,6,4,4,3,6,2,4,4,5,3,4,3,4,4,4
4,4,3,4,5,3,4,5,6,6,2,4,3,3,3,7,8,3,5,4,4,4
5,6,3,7,5,2,3,6,5,6,6,4,6,5,5,4,4,5,3,4,4,5
6,5,2,4,4,6,6,3,5,2,4,5,5,6,3,5,3,6,6,3,4,6
6,5,6,4,6,5,5,4,4,5,2,4,6,3,5,5,5,6,3,3,5,3
5,5,5,5,5,4,6,4,3,5,4,4,5,6,5,5,4,3,5,2,5,6
6,5,6,6,6,6,4,5,4,5,5,6,2,3,6,4,6,3,5,7,4,3
5,3,4,5,6,4,6,5,3,3,5,3,4,6,3,9,5,3,4,5,5,3
4,4,3,2,4,5,2,5,4,6,5,5,3,4,4,2,4,3,4,4,2,3,5
3,2,3,3,5,4,6,8,4,5,4,7,5,3,3,4,3,5,3,3,4,7,4
5,3,2,3,5,3,2,5,3,2,3,3,5,5,5,8,4,4,3,4,3,4,7,3
6,5,5,4,5,4,4,5,3,5,6,5,4,6,6,6,3,4,9,2,7
3,3,4,3,3,7,7,4,2,9,5,5,4,9,3,5,6,3,3,5,3,5,7,4
6,6,7,3,7,2,4,3,5,5,5,9,5,3,3,2,3,5,6,4,10,2,1
1,1,1,1,2,1,1