3,5,3,6,5,3,3,4,3,3,5,5
3,3,3,5,6,3,4,5,3,4,6
4,4,3,3,4,5,4,3,4,3,4,4
3,4,5,4,5,3,4,3,4,3,4
6,3,2,6,3,2,6
5,6,3,5,2,4,3
4,4,6,4,3,4
4,2,3,4,4,5,2
5,2,4,4,2,3,3,4
4,5,3,4,5,5
3,5,7,5,5
5,3,4,4,2,3,4
4,4,5,5,4,3
4,2,5,3,7,3
5,4,4,6,5
3,7,5,2,3,2,2
6,4,3,4,4,4
2,6,5,2,4,5,2
5,3,2,4,3,3
5,5,2,4,2,6
4,3,6,3,5,5
4,4,5,3,4,5
4,4,3,4,4,6
4,2,3,4,3,4,3
3,6,3,3,2,5,4
4,4,5,6,5
5,3,7,5,6
3,4,2,3,6,4,5
6,3,3,5,3,2,5
7,2,3,3,3,4,4
5,6,3,4,4,2
3,6,2,4,3,3,7
3,8,4,5,5,4
5,7,3,4,6
5,6,3,7,4
5,4,6,4,3,3
6,5,3,6,5
5,5,3,7,7
6,3,2,5,8,3
5,4,3,5,3,4,3
5,3,7,5,5,6
5,5,4,6,4,3
7,3,6,5,5
2,10,4,1,2
5,3,4,2,6,3,3
3,5,4,6,6,4
6,4,2,6,5,4
7,5,3,4,4,3
3,2,6,3,5,3,4
5,5,3,5,3,4
3,3,4,6,3,5,4,4,6,4,4,3,3,3,2,6,3,4,2,6,4,3,3,4,5
2,5,4,4,3,5,4,6,5,5,6,5,5,5,2,5,4,5,3,4,5,3,4
4,5,5,5,6,3,4,3,4,3,2,7,3,6,5,3,5,4,5,3,6,4,4
7,5,4,7,3,2,7,5,4,4,6,3,4,4,2,6,2,4,6,5,4,5,5
10,7,20,6,18
5,3,2,6,4,3,5,4,8,5,3,5,6,4,2,4,6,5,5,6,4,2,4,2,5
5,8,2,4,4,3,2,5,5,3,5,3,4,5,5,4,5,6,2,4,2,2,4
4,2,8,3,2,7,6,2,4,6,4,2,4,5,5,5,3,4,4,3,2,3,3,5,6
3,4,2,3,3,7,4,3,5,5,7,5,5,3,3,4,2,5,2,4,5,2,5,3,3,6
4,29,13,12
20,5,5,15,7,8,2,2,2,9
6,5,6,5,6,5,2,5,3,5,4,2,5,6,5,3,6,3,4,4
4,5,5,2,4,4,4,4,4,7,4,4,4,5,5,2,4,7,4,6
1,2,1