4,6,5,4,4,4,3,5,4,4,3
16,10,10
3,2,6,2,6,4,4,5,7
6,5,4,5,5
4,2,5,4,5,6
4,3,7,1,3
4,6,6,3
3,3,4,4,4,5,3
4,3,3,4,7,4,4
2,4,6,6,5,2
6,17
3,3,8,2,1,4,1
2,2,3,7,5,3,4,2
5,6,2,4,5,6
4,6,4,4,5
4,3,3,4,6,3,3
4,3,3,4,2,3,4
6,6,3,5,6
1,4,2,2,1,1,1
4,2,3,3,3,5,2
3,3,4,4,6,4,4
4,4,6,3,2,2,3
4,3,4,4,5,3
6,2,4,7,3,5
4,1,3,6,3,3,2,5
3,5,4,5,4,4
3,4,4,6,5
5,2,5,5,3,4
4,5,5,6,3,6
5,4,3,2,3,5
3,6,6,2,4,6
3,5,4,3,5,4
4,5,4,4,5
3,4,4,2,4,5,3
4,5,3,3,4,4
5,4,3,5,4,3
3,2,2,3,4,4,4,2,4
6,3,4,3,4,3,5
4,4,5,5,5
4,6,4,5,3
5,2,3,4,6,3
4,6,3,5,5,3
3,6,4,4,6,3
6,3,4,4,3,3,4
4,5,5,4,6
3,5,3,5,3,3,3
4,4,5,3,4,5
1,1,4,3,2,1,1,1,3,3,1,2,1,1,4,1,1,2,3
3,5,3,4,4,5,2,4,4,5,3,6,1
4,11,15,2
5,5,4,4,5,2,3,5,6,5,3
4,4,6,2,5,5,3,5,4,4,3,3
5,4,5,4,2,3,2,3,5,3,7,3
7,5,4,2,5,3,4,3,3,3,3,4
4,3,4,3,2,2,6
2,1,1