4,2,4,4,3,4,5,2,4,3,3,6
4,2,5,3,4,6,6,5,5,3
4,3,4,5,2,4,6,4,4,6,2,4
6,5,4,4,5,5,5,2,2,4,2
4,7,6,4,7
5,3,6,5,3
4,5,3,2,7,4
5,5,6,2,4,4
6,4,4,4,2
8,1,5,2,6,3,3
3,7,4,6,6,4
4,5,5,7
7,5,5,6
8,7,7,4
4,2,2,7,5,2
6,6,4,5
5,4,3,6,6
4,3,6,2,5,4
4,5,3,4,3,4
3,6,4,4,3,4
5,3,3,3,8
5,5,3,6,5
6,4,3,4,3,3
3,4,4,3,3,4
4,6,5,4,5
3,3,5,5,2,5
5,4,2,5,3,4
5,4,2,5,3,2,4
3,4,4,6,2,5
5,4,5,3,2,2,4
3,6,3,3,3,6,5
5,4,4,5,5,2
6,2,4,4,2,4
5,4,6,3,4,5
3,3,5,3,3,5,5
3,3,6,6,4,5
2,6,4,6,4,2
7,5,7,3,2
4,3,5,7,8
8,6,7,3
7,5,7,7
5,4,4,4,6,6
2,8,4,3,4,2
4,4,2,4,2,2,3
4,4,4,2,4,2,2
4,3,5,4,6,3
5,3,4,4,4,5
3,6,3,4,3,3
5,3,3,3,5,3
7,4,5,6,5
5,5,7,4,6
2,5,2,3,4,3,4
6,2,4,3,4,4,2
3,2,4,4,6,4,3
4,4,7,5,2,5
3,4,4,5,5,5
5,3,3,5,3,3
6,1,2,2,7,11,11
6,5,5,4,4,4,5,5,3,5,3,29,4
20,3,22,2,14
18,17,1,2,10,18