5,5,4
9,1,5
3,9,5,3,8,5
4,3,4,5,2,3,2,4
8,4,9,5,6
1,1,1,1,3,4,1,0
17,7,0,5
0,3,4,0,3,3,6
2,1,1,2,4
4,5,6,14,2
2,4,3,4,4,1,5,2
5,6,11,5,4
0,1,4,3,4,4,3,4
0,4,4,3,3,1,5,4
7,5,10,10
1,2,3,1,2,3,2
4,7,3,12,3
7,5,7,4,5,2
4,7,6,9,3,5
3,4,4,0,3,1,4,7
3,4,4,3,3,2,4,4,3
2,2,5,3,3,1,3,4,5
1,7,2,2,4,3,3
4,2,4,4,2,9,4
6,4,5,10,6,2
4,5,2,4,0,4,4,5
11,3,3,2,3,3,5
1,1,2,2,1
16,2,16,2
3,2,3,4,9,7
0,4,6,5,5,5,3
2,2,1,4
7,12,15,3
5,2,4,7,6,2
2,3,4,7,2,4
5,5,4,1,0,5,3
0,7,2,6,3,5
6,3,4,7,4,5
7,6,2,2,3,4
5,6,3,8,5,2
4,3,3,4,7,7
0,4,4,3,4,4,4
0,2,5,2,3