2,2,2,5,4,3,3,5,3,6,5,3,6
2,4,20,4
3,4,2,4,5,5,5,6,6,6
5,3,5,5,4,5
4,7,6,2,4
2,4,3,4,3,3,4,3,4
4,3,6,3,4,6
4,5,5,3,2,6,1,2,2,1
2,4,7,6,2,5,3,1
4,6,5,3,4,2,4
5,7,5,6
5,4,5,4,3,4
2,4,1,5,4,6,7,1
3,6,5,4,3,5
6,5,4,4,2,3
4,2,4,3,3,5,2
3,5,3,5,5,3
3,2,1,2,5,5,3,6
4,3,4,3,4,2,3,4
5,4,5,3,4,4,4
4,5,2,5,4,4
5,3,2,5,5,2,5
5,3,7,3,5,5
3,5,5,4,3,3
3,5,3,2,5,5,3
5,4,4,6,3,4
4,5,3,3,5,4,4
2,6,3,1,3,2,2,4,3
8,13
5,4,6,5,4,3
4,4,5,5,6,3
6,1,11
4,3,3,4,5,3,2
5,5,4,5,5
5,4,3,3,5,4
5,3,3,5,5,3
6,3,4,6,5,6
2,4,4,3,3,4,3,3
2,2,5,3,4,5,4
3,5,4,6,3,3
5,6,2,5,5,5
4,3,1,3,3,3