4,5,3,2,6,4,6,2,3,4,4,4
4,3,2,4,3,6,3,4,7,6,4
5,6,3,2,4,4,5,4,6,4,4
4,5,4,3,5,6,6,4,6,5,5
6,4,4,2,5,2,5
5,2,6,4,4,5
2,4,4,7,5,3
4,7,3,5,6
5,7,6,5,5
5,4,6,5,5,7
4,5,4,6,6
5,4,4,4,2,5,4
6,5,3,6,5
5,5,4,5,3,2,3
6,5,7,6,4
6,3,2,6,3,3,2
2,5,4,3,6,5,4
5,4,4,4,8
5,4,5,4,4,5
6,2,5,2,5,4,4
6,5,4,3,3,5
5,4,4,5,4
5,4,5,5,6
9,4,5,3,3,3
2,4,5,7,2,5
6,4,5,4,4
5,2,5,6,3,3
2,4,4,7,2,6
4,4,3,3,4,4
5,4,4,6,4,5
5,5,4,5,4,4
4,3,4,4,2,4,4
4,4,5,3,2,5
4,3,4,10,2,3
5,4,4,4,5,2
3,4,4,4,3,3,6
4,6,7,5,5
6,6,3,6,2,5
4,6,2,4,4,4,3,1
5,5,6,5,4
5,4,5,4,2,3,5
5,6,2,3,6,4
6,5,4,5,5,2
4,3,4,6,2,2,2,5
5,4,5,5,4,4
5,3,5,6,2,2,4
5,6,2,5,2,4,4,4,5,4,5
2,3,4,5,6,4,5,5,3,6,3
2,4,4,6,4,5,4,4,4,5,4
2,4,3,5,4,3,2,4,4,3,4,3,6
3,5,8,4,2,3,2,5,6,5,3
5,4,5,4,5,6,4,5,6,6
7,5,3,6,5,4,5,7,3,3
5,5,6,4,6,5,6,3,5
6,22,3,1,4,9,5,9
4,5,5,4,6,4,4,2,5,6,3,5,3,4,7,4,4,5,3,6,6,3
2,25,2,2,5,1,1,11,3,3,11
5,12,5,5,2,2,2,12,25,1
5,4,4,3,6,7,4,5,5,4,4,4,5,3,4,3,4,4,4,7,4,4
1,1,1,1,1,2,2,2,1,1,2,2,1,4