3,3,3,4,3,7,4,5,1,3,3,6
8,4,5,7,3,3,2,8,5,4
4,4,3,6,4,6,6,7,6
3,5,2,3,3,4,10,2,1,4,4,3,3,4
5,4,2,4,3,4,3
3,4,7,5,4,5
3,3,5,6,4,4
2,4,5,4,2,4,8
4,5,3,6,4
5,3,3,2,6,6
4,8,7,6
4,4,7,5,4
5,4,2,8,4
5,4,3,7,2,5
4,8,5,5,3
4,7,3,3,4,5
5,7,4,6,5
6,4,5,4,5,3
5,4,3,3,5,3
6,8,5,4,3
5,3,4,4,5,2
6,3,8,2,4
4,3,3,4,3,3,3
5,4,5,4,6
3,3,4,3,3,4,3
5,5,3,5,3,5
4,5,4,4,6,4
4,3,2,5,2,4,2
4,2,3,3,5,2,3
4,3,3,4,4,3,5
4,5,2,4,4,5
4,8,5,3,5
5,2,7,3,7,2,5
4,3,3,3,5,4,3
3,4,3,5,2,6
4,7,3,3,4,5
5,3,3,4,3,3,4
3,5,6,2,5,4
5,6,5,3,4,3
3,5,4,6,5,2
7,5,4,3,7
4,4,4,4,5,3
4,5,5,5,6
5,2,2,2,6,4
2,1,1