2,2,2,2,3,3,5,2,3,3,3,4
2,1,2,4,3,4,3,4,6,4,2
3,3,3,1,4,4,3,4,5,5,2
3,3,3,3,4,4,2,3,4,3,4
3,3,4,1,4,2,3
3,2,2,4,1,5
2,4,4,6,1,3
4,6,1,5,3
3,4,3,2,4
2,4,2,3,5,3
4,2,4,6,4
3,4,4,3,2,3,3
4,5,2,4,3
3,4,2,5,1,2,3
3,4,5,4,3
6,2,1,5,3,2,1
2,5,3,3,5,5,1
3,4,2,4,7
3,4,4,4,3,4
3,2,5,2,4,4,4
3,4,3,3,3,4
5,3,4,2,3
3,4,3,4,4
8,3,4,2,3,3
2,4,5,6,2,4
4,3,4,3,3
5,1,3,5,3,2
1,4,4,5,2,6
3,2,3,1,4,4
4,4,3,5,3,4
5,4,1,5,3,4
4,2,4,4,2,3,3
3,4,4,3,2,4
3,3,4,9,2,3
3,3,3,3,5,2
3,3,4,4,2,2,4
3,5,4,3,4
5,4,1,5,1,5
3,4,2,4,4,3,2,1
5,3,5,4,4
4,4,5,3,1,3,5
5,5,1,3,4,4
6,4,3,5,5,2
2,3,3,5,2,1,2,5
3,3,4,5,4,4
4,2,4,5,1,2,2
13,19
18,24
2,4,2,2,4,2,4,5,2,4,4,4,5,4,4,3,4
12,36
12,6,4,22,2
6,25,3,1,13
4,2,3,5,2,3,2,2,6,4,4,3,3,3,4,2
9,1,5,2,1,13,3,2,11
4,1,1,1,12,27,1
3,2,5,5,4,2,2,5,2,3,3,3,3,4,5,3,2
1,15,4,7,5,5,3,1,1,3
2,5,4,2,5,3,2,5,3,2,2,3,5,3,8,3,4,4
6,1,11