2,2,2,6,4,3,5,4,3,3,3
2,3,5,2,2,4,2,6,3,3
9,12,11
2,2,5,1,3,3,3,1
5,5,6,4,3
5,2,2,6,3,2
3,2,2,3,1,2,4,2
4,4,4,6,3,3
3,3,3,5,1,2,4
3,5,1,3,2,2
5,3,3,2,4,4,3
4,4,2,3,7
4,3,3,2,2,3,3
2,2,4,4,3,1,4
4,5,2,2,5,2,2
4,2,3,4,3,2
3,4,2,3,1,3,3
3,2,8,3,2,3,5
1,5,4,3,3,3
4,3,5,5,1,5,3
3,2,4,3,3,2,4
4,5,2,2,4,3
3,3,3,3,4,3
4,4,3,2,8,2
3,4,3,3,1,3
2,4,3,2,3,1,3,3
4,4,1,3,4,2,3,2,3,4,4
5,2,3,4,3,3,2,4,4,1,4,4
3,2,2,5,3,2,3,2,2,5,4
5,3,3,3,4,3,2,4,3,4,3
2,4,4,4,8,6,3,4,4
4,8
2,5,2,2,2,3,2,3,3,2,4,2,2
6,4,2,3,2,5,8,3,4,4
5,3,2,5,4,3,4,2,4,3,3,4,2
3,3,2,4,2,4,4,4,4,3,2,8,3
4,4,3,4,3,5,2,2,4,2,4,7
20,9,2,2
7,4,6,2,2,3,4,1,4,5
2,2,10,17,1
4,2,7,6,2,2
3,2,3,3,4,3,3,2,3,3,2,2,6
4,2,2,4,2,8,4,4,5,3,3
30,5
3,24,13
3,1,2,3,2,4,3,3,4,1,1,2