2,3,5,4,3,3,5,3,3,3,2
12,12,10,2
4,5,3,1,3,7,5,4,3,5
3,4,3,2,2,3
1,6,5,6,3
2,5,5,3,2,4
3,2,3,3,7
3,1,5,4,1,3,4
6,4,2,5,3,3
3,2,4,5,6
2,2,4,3,4,3
3,2,5,1,5,4
3,2,3,2,3,1,6
2,3,2,3,3,4
2,3,4,4,3,2
3,3,5,4,2,3
4,6,1,2,2,3,3
3,3,3,3,3,2,4
2,5,2,2,3,5
3,4,3,2,3,2
4,5,2,2,2,1,3
2,2,1,3,1,1,4,1
3,4,4,4,3,2
3,2,3,2,4,4
3,5,3,2,4,3
4,2,3,2,4,5,2
4,3,3,2,2,4,5
4,2,5,2,4,3,5,4,4,1
2,2,2,6,6,3,5,2,3,2,4
2,2,28
3,3,3,3,4,1,4,3,3,3,4,3
4,3,2,2,1,3,2,3,4,4,1,3,4
10,6
3,3,5,6,5,3,2,3,4,2,2,3
2,5,6,3,13
3,2,2,3,3,3,4,3,3,3,2,3,2,3
3,1,4,4,4,2,2,3,3,3,2,4
4,4,2,2,3,2,1,1,3,3,3,6,3,2
4,3,3,2,4,2,2,3,4,5,4,3
1,7,2,2,4,6,3,4,2,2,4
2,1,1