3,3,4,2,4,2,2,2,4,1,5
5,2,3,3,5,3,2,4,1,3,4
4,3,4,3,2,2,5,4,3,3,3,1
2,3,1,3,1,4,2,3,3,3,5,4
3,3,5,5,2
5,4,2,2,2
4,3,3,4,4
3,2,1,3,2,6
3,2,4,3,3,1
4,4,4,2,2
9,3,3,5
2,5,3,3,3
3,3,6,3,3,2
3,3,3,4,4,3
2,4,2,3,6,6
1,3,4,3,5,2
15,4
6,3,1,1,3
4,5,2,3,2,4
14,3,1,1
4,1,3,1,2,2
2,3,6,5,4
2,1,4,3,4,4
2,3,1,5,2,2,3
4,5,1,3,4
3,3,2,3,3,5
5,9
4,1,3,4,5
3,3,4,5,4
2,2,4,3,2,3
5,2,4,3,3,3
2,3,5,5,4
3,3,5,5,1,2
5,5,5,3,3
5,3,3,1,4,3
3,2,3,3,2,3
4,4,1,3,4
3,8,1,2,3
4,6,3,2,3
3,2,4,3,3,2,2
4,3,4,2,3,3
3,2,4,3,4,2
7,7
2,5,4,5,3
3,3,2,2,3,6
5,3,3,2,2,1,2
2,3,2,3,3,3
4,4,3,1,4
4,3,2,3,3,5
5,5,5,3,3
1,4,3,4,3,1
3,4,4,2,2,4
3,3,5,4,4,3,2,3,2,2,1,3
6,6,10,6,2
1,7,16
3,4,2,1,2,1,2,3,1,3
2,2,4,4,2,4,4,3,3,2,2
1,3,4,4,3,4,2,2,2,4
2,1