4,6,6,3,4,6,7,3,4
4,4,5,5,6,4,5,3,3
4,5,3,7,3,5,4,5,4,3,3
3,4,5,5,2,4,3,5,2,5,4
5,5,6,6,5
3,4,2,4,4,3,3,5
2,6,2,4,3,5
3,3,3,3,3,5
3,3,4,2,7,3
3,6,5,6,7
3,5,5,6,4,3
5,4,4,5,4
5,6,4,2,4,3
5,3,5,4,4,5
6,3,3,6,7
3,3,5,5,7,3,3
3,4,2,4,3,5,5
3,1,3,2,5,4,5
4,4,5,4,4
3,2,2,4,3,4,5
4,5,4,3,4
5,4,3,2,4,3,4
4,5,4,2,3,3,5
6,3,2,3,4,6
4,4,5,2,5,5
2,5,4,6,4,3,3
4,3,5,4,4,4
7,2,7,7,2
3,5,4,4,4,5
7,5,4,4,2,4,3
4,7,3,5,5,4
3,3,5,5,5,4,2
4,4,3,4,4,5
3,1,4,5,4,2
3,3,6,5
5,3,2,3,3,5,4
3,3,3,4,5,3,2
3,3,2,3,5,5
5,3,4,6,5,3
4,2,2,4,4,4,2
3,4,5,3,4,2,4
4,4,2,4,4,5
5,2,5,5,3,4
4,4,4,2,4,4,5
4,2,5,3,2,3,4
3,4,3,3,6,3,2
3,4,4,3,4,3,3
2,3,2,5,5,3,4
2,4,4,3,5,2,3
7,4,4,5,5
5,4,4,5,3,3
4,3,2,6,5,5
3,3,4,5,4,5,6,4,3,3,4
3,5,5,4,5,4,4,2,3,7
3,4,3,3,5,3,2,3,4,6,2,3
4,3,4,6,4,2,4,5,4,3
6,4,4,6,4,4,3,3,2,5,5
3,4,4,6,6,3,2,4,5,2,3
2,5,5,4,5,6,6,4,2,3
5,5,3,5,5,3,7,5,6
4,2,4,4,3,4,4,8,4,7,5
3,4,5,5,3,5,5,5,4,4
5,3,3,4,2,2,3,3,4,5,4,4
4,41
3,6,4,2,5,4,4,5,5,3,5,3,5,3,2,4,3,7,6,4,4,4,5
3,4,4,5,6,5,3,6,2,3,5,3,3,6,2,2,4,2,7,5,5,5,2
25,3,19,9,17,5
22,20,2,4,12,3,6,13
1,1,1,3