3,5,4,4,3,2,7,2,8,8,3
3,5,6,3,3,3,3,5,5,4,6
5,6,3,3,5,3,4,5,2,3,4
6,4,7,3,3,5,3,4,5,4,5
2,3,5,2,5,4,4
3,6,3,6,5
6,4,4,5,5
6,7,4,4,6
5,5,5,9,3
8,3,4,11,4
4,6,6,3,7
5,6,4,7
8,5,6,2,3,3,3
2,3,4,4,7,4,3
5,6,3,6,6
3,5,2,3,4,4,4
4,5,4,4,8
7,4,3,3,3,6
5,2,9,5,4
4,5,4,8,3
6,5,5,4,3
6,3,5,5,6
4,2,3,5,2,4,5
6,7,5,2,4,4
5,2,6,6,4,3
6,6,4,6,5
3,5,4,5,5,4
5,3,5,8,5
5,4,3,7,3,2,4
4,4,5,6,3,4,2
4,5,2,3,3,4,5
4,27
6,3,3,7,6,4,6,5,5
5,5,3,4,4,5,6,5,2,3
6,2,3,3,4,6,4,4,4,5,6
5,4,4,3,4,3,3,4,5,5
5,7,5,2,3,6,7,6,3
2,1