10,3,6,6,8,6,3,4
2,5,9,4,2,5,3,6,5,3
7,5,4,4,5,6,2,6,5
5,6,5,3,5,3,4,1,6,3,5,2,3
5,3,4,4,3,2,2
3,8,6,7,2
7,3,4,6,3
6,5,5,5,3
3,5,3,4,4,3
5,4,6,7,2
2,3,5,3,5,4
6,10,3,3,3
6,5,4,3,3,5
4,4,9,3,3
9,3,3,7,4
2,3,3,4,5,2,6
6,3,9,3,6
3,2,7,6,4
8,6,4,2,6
3,5,6,3,5,4
7,4,4,2,5
9,7,5,3,8
6,7,2,4,2
5,2,4,4,4,5
5,5,5,3,7
5,5,4,3,5
10,5,4,3,3
6,3,4,4,3,6
5,2,9,5,7
5,2,6,5,5
7,5,4,4,5
3,4,7,6,2,2
5,4,2,3,5,2,3
3,5,4,2,2,3,4
7,4,4,5,3
6,4,5,7
3,4,2,4,5
6,7,7,3
6,5,3,6
11,4,3,6
4,2,7,6,4
5,5,6,4
5,2,5,7,3
9,3,3,4