7,6,6,5,4,4,2,7,5
6,4,5,4,3,4,5,2
5,5,2,4,3,4,9,6,5
4,6,7,5,3,4,2,4,2,5,5
5,8,7,4
5,3,5,2,8,2
5,6,3,5,5,4
4,5,3,3,4,4
6,5,4,2,3,5
5,4,6,2,4,3,3
5,12,5
6,4,6
4,4,4,5,5,4
4,6,5,4,6
3,4,8,5,3
10,5,5,5
4,4,5,4,4,3
4,7,5,6,5
2,4,3,4,7,4,3
3,9,3,4,4
2,4,6,2,4,3,4,4
4,2,3,6,2,2,5
4,5,4,4,4,5
5,3,3,2,5,3
5,3,6,6,5
4,6,2,4,5,6
4,6,3,5,3,4
3,4,4,3,5,2,5
4,4,5,2,7
4,5,4,5
5,7,3
3,7,4,5,5
4,5,5,5,6
4,5,5,5,5
5,5,4,6,4,4
3,5,5,4,5
5,25
8,5,3,4,5,4,6,3,4,4
5,7,3,3,4,4,3,4,3,5,7
5,4,6,5,4,4,3,5,6,3
6,5,7,5,4,5,4,3,5
4,4,5,3,7,3,2,4,4,3,2,5,4
4,7,3,4,2,3,5,3,3,4,3,4
5,5,5,5,4,5,7,4,3,5,6
4,5,3,2,2,6,3,5,6,4,5
4,3,3,3,4,6,6,4,1,3,7
5,3,5,3,5,2,4,7,3,5,3
4,8,2,4,4,3,4,2,4,4,7
2,3,4,5,3,5,4,4,6,5
3,4,6,6,5,2,5,3,3,3,4
6,4,8,5,6,6,5,3,3
5,3,4,6,2,3,4,3,5,3,4
5,4,4,5,2,4,5,3,4,5,3
5,5,7,4,3,6,3,4,5,6
6,3,3,5,5,4,5,2,4,4
6,4,5,3,4,5,1
7,4,14,4,7
3,4,5,4,6,5,5,4,4,6
7,3,3,3,3,2,7,5,5,3,2,2
3,3,5,7,3,2,4,5,4,5,4,33,1,2
6,3,6,2,4,4,3,5,5,3,3,5,2,3,5,4,1,3,5,2,3,4,4,4,3
13,7,9,11,36,3
5,4,4,6,4,2,6,5,5,5,4,7,5,5,4,4,4,5,4,3,4
9,2,24,1,1,6,7,4
4,5,3,3,2,6,3,3,5,6,7,4,4,4,2,3,3,5,3,5,8
2,2