4,3,4,4,4,2,5,4,6,2
5,3,4,5,2,4,5,3,4
3,5,3,4,2,6,5,4,4,3,6
3,4,5,6,3,5,2,3,4,3
4,5,3,4,3,6
4,4,4,4,6
3,3,4,2,4,3,2
3,5,2,8
7,6,3,2
8,4,4,4,4
4,3,4,3,4,2
4,1,3,3,3,3,3
3,5,2,5,6
6,2,5,2,4,3
3,3,6,5,4,3
3,2,5,4,3,3
3,2,4,6,2
3,11,4,4
3,7,9
6,5,4,2,5,5
4,5,3,3,2,3,3
5,6,3,5,3
4,4,4,5,3,6
9,4,6,3,4
4,4,3,6,3,4
4,4,3,4,4,3
4,3,4,5,2,5
6,6,4,5,2,5
4,2,5,3,4,3
3,3,4,7,4,4
4,5,4,5,5,4
4,5,5,5,2
4,3,2,3,4,3
4,5,2,3,5,4,5
2,5,4,2,4,5
5,5,3,4,5
6,3,4,5,2,2,4
4,5,3,2,3,4,5
4,6
3,3,2,4,5,1
3,3,5,5
2,5,3,4,2,3,3
4,4,3,4,4,4
3,3,4,6,2,4,7
2,5,7,4,3,3
2,4,5,4,5,2
5,6,2,5,3
4,4,3,3,4,2,4
3,7,3,3,5,4
3,5,5,2,5
5,3,4,5,3,3,2
6,4,4,4,6
3,2,3,2,4,5
4,3,6,4,3
3,2,4,3,4,4
6,6,4,3,5
4,4,6,4,6
2,3,5,4,4,4
5,3,1
4,1,8,2
7,5,4,3
22,2
3,6,5,3,4,5,6,4,3,4,5,4,3,5,3,5,5,5,5,3,5