5,4,3,5,3,4,3,5,5
6,5,6,4,5,6,5
6,6,5,5,4,4,2,3,7,5
6,4,4,8,8,3,1,5
4,5,4,6,6
6,3,7,6,6
3,2,5,5,6,3
6,3,4,6,3,4
4,4,2,5,6
7,6,3,7,7
3,4,5,7,2,3
5,3,3,2,6,5
3,4,7,6,2,2
4,6,8,5,4
3,6,6,4,5,6
5,3,8,2,5
4,2,5,6,7,6
3,3,5,6,3,7
3,6,7,3,5
4,3,4,6,5,2,4
7,6,5,6
5,5,3,5,4,5
5,7,6,2,3,4
5,7,4,3,4,3
6,3,4,4,5
6,3,4,4,4,6
4,5,3,7,6
5,3,4,3,4,6
7,3,4,7,6
5,2,4,7,10
6,4,4,3,3,6
3,4,3,5,4,6
4,4,4,6,6
5,5,3,4,3,4
4,4,5,8,5
4,4,3,2,4,4,3,6,3,4,8,3
5,4,4,4,5,2,2,2,4,5,2,4
6,5,4,5,6,4,3,3,5,3
4,5,4,6,3,3,5,3,7,2,3,4
5,2,5,3,5,2,5,3,3,5,2,4
3,6,10,5,5,3,4,4,6,7
3,6,2,4,4,3,4,4,5,2,6,3,5
4,3,4,6,5,5,7,3,5,3,5
3,6,4,2,5,4,2,5,5,2,5
3,26,12
3,2,6,4,7,4,6,2,4,3,5
7,6,5,4,4,4,3,3,7,3,4,6
4,3,4,6,4,3,3,3,5,6,4,5
5,3,3,4,5,4,6,6,3,3,2,5
4,46
4,3,5,2,2,5,4,5,3,4,3,5,4,4,7,6,2,4,3,4,5,4,6,3,3
36,6,3,5,9,13
4,3,2,6,4,3,5,4,5,7,3,4,6,2,4,4,2,4,5,2,2,5,6,2,6
5,6,5,7,6,5,2,7,3,5,5,6,6,4,6,5,4,5,5
4,3,6,2,6,2,3,3,2,3,4,5,5,7,7,5,6,3,6,5,6
9,3,4,12,11,3,19,19
6,5,4,4,4,4,3,5,3,6,4,3,3,3,5,4,2,6,3,3,4,3,2,5
5,2,4,3,3,3,6,4,3,2,3,6,5,3,5,4,4,6,4,7,5,5
3,5,4,3,4,6,6,2,4,4,7,5,4,6,3,4,5,5,3,5,5,5
5,2,3,5,3,2,5,3,4,5,2,2,4,3,6,7,4,3,2,3,6,5,3,3,3,4,6
6,5,3,7,5,6,4,4,3,4,4,3,4,5,6,3,4,4,4,4,6,5
26,14,12,8,4,20
5,5,3,4,2,2,4,4,4,5,4,6,4,6,3,4,2,4,5,3,3,5,6
3,2,4,3,6,4,4,3,4,5,5,4,2,4,8,7,3,4,3,6,3,4,4,5
2,1