3,4,4,5,5,4,4,7,6
6,9,6,3,4,4,5,5
4,5,4,4,5,3,4,6,3,4
5,6,3,3,5,5,5,3,4,3,4
4,2,4,3,2,3,2,5
3,4,3,3,5,3,4
5,3,5,6,4
3,5,3,5,4,5
4,5,5,3,3,3
5,5,5,4,4
4,5,4,4,3,3
8,3,4,3,3,6
4,4,5,6,6
4,3,3,5,6,4,3
5,3,6,7,6
4,6,5,3,2
5,3,2,4,3,5
4,5,5,6,5
2,4,4,3,5,4
6,6,5,3,2
4,6,5,5,4,3
4,5,3,3,5,5
7,3,4,5,4
3,4,3,4,4,3
6,3,5,2,6,2
3,4,4,2,5,3,2
3,3,3,6,3,4,3
5,6,3,3,2,5
3,4,2,5,4,5
3,4,3,3,2,5,4
3,2,6,5,5,4,5
5,3,2,4,7,3,3
5,4,3,4,5,4
1,2,2,5,5
2,4,5,3,4,3
4,4,3,4,3,3,2
5,5,5,5,6,3
4,5,4,3,3,3,3
3,4,4,3,6,5
4,4,2,5,6,4
4,4,5,4,2,3
2,3,4,3,6,3,3
5,2,12
4,4,13
5,5,2,5,2
5,5,2,5,3,5
6,6,2,2,6
6,5,5,3,3,2
4,27
3,2,10,11,3,4,1
2,1,1,1