5,5,5,3,7,4,4,7
4,5,5,3,4,5,8,3
7,3,9,21
5,3,5,4,5,3
5,8,5,4,4,3
3,5,5,4,5
3,5,4,3,7,4
2,3,5,5,3,2,3
3,5,5,3,4,4
2,3,8,4,3,5
4,2,2,7,4,5
4,6,2,5,4
3,7,9,2,4
3,4,5,3,5,2
3,4,4,4
4,5,6,3
4,3,3,4
5,2,3,5,4,5
6,4,4,5,2,3
11,6
4,4,6,2,4,3
5,5,2,4,4,4
4,6,5,5,3
4,6,4,4,5,4
4,3,4,2,4,3,5
3,3,3,4,4,4
3,7,6,6,5,2
2,6,4,6,5,5
2,5,5,3,4,3
5,6,5,4,3
3,3,5,5,2,3
5,5,4,2,5,4
4,4,7,6,3
3,7,3,5,6,2
5,5,5,4,4
6,2,3,5,3,4
3,3,6,2,3,4
4,3,3,6,3,4
3,2,4,4,5,4
3,5,4,4,5,6
2,4,4,5,5,6
2,2,4,5,4,3,2
2,5,5,5,2,3
4,6,5,5,2,4
3,2,6,5,3,3,3
6,5,5,3,4,2
5,2,5,6,4,5
5,3,2,6,7,6
4,2,6,4,3,3
4,5,4,5,6
3,6,4,6,4,3
4,5,4,5,4
5,2,4,2,4,6
6,2,5,5,4,4
1,24
3,3,3,4,3,4,5,4,5,3,4,5,4,5,5,2,3,4,3,5,2,4,2,3
4,5,5,5,5,5,6,4,5,8,4,4,3,4,3,5,2,2,2,4,5,4
2,1,2,8,3,28,7,20
5,5,4,4,3,5,5,5,6,5,5,3,2,6,4,5,5,5,5,8
4,3,2,2,1,1,1,8,2,2,1,2
1,1,3