6,4,2,3,6,5,4,4,4,3
5,2,5,5,4,7,4,4
4,2,7,4,5,3,2,3,5,4,6,2
5,4,4,2,6,4,2,4,2,3,5
5,3,5,3,2,6
5,3,6,5,4
2,3,2,5,3,3,3
6,4,3,2,3,4,4
6,2,3,4,3,3
2,3,5,4,3,5
4,4,4,2,3,5,5
4,5,5,7,4
4,3,3,3,6,2
2,3,5,3,4,3,4
3,4,3,2,6,7
3,4,4,5,5,4
7,3,9,3,3
2,4,3,3,5,4,4
2,3,5,3,4,5
6,4,2,4,5
5,5,3,7,6
5,5,4,2,4,4,4,3,5,7,2,4,5,4,2,3,5,4,2,3,4,3,3,2,4
5,4,2,2,5,4,3,4,7,5,7,3,3,2,4,3,5,6,4,2,3,6
5,4,5,2,2,3,5,3,5,3,5,3,4,4,3,7,4,2,5,7,2,5,3
5,5,5,4,2,5,4,4,5,4,3,3,7,4,6,8,2,6,5,4
5,6,4,5,2,4,2,5,3,6,4,6,3,5,2,2,2,5,3,5,5,6
4,7,3,2,2,3,5,4,3,5,4,5,4,2,6,3,5,2,4,4,6,5,4
2,3,7,4,3,4,2,4,4,4,3,6,2,4,7,4,7,4,3,6,4,5
3,1,1,1,3,1,12,16,5,10,7
4,5,3,5,5,6,2,4,2,5,4,4,4,6,4,4,5,7,4,3,4,3,3
2,8,2,5,1,31,14,1
5,4,5,6,3,5,6,4,2,2,2,3,5,3,3,6,4,2,2,7,5,2,2,3,5,4
4,4,5,5,2,5,5,4,6,7,10,3,5,5,3,4,6,2,6,3,4,3,4
5,2,4,5,4,5,4,4,5,5,3,3,4,5,5,5,5,7,4,6,3
2,4,4,3,7,5,3,2,5,4,4,3,3,7,5,2,2,2,3,5,3,5,4,4
6,3,5,3,2,5,3,5,2,3,3,7,6,5,4,3,5,3,3,3,2,3,5,2,5
4,6,5,3,10,4,7,4,3,5,6,2,3,5,2,4,4,5,6,3,3,5
4,3,2,6,4,5,5,5,5,4,4,2,2,4,4,4,4,5,3,4,3,7,2,3,4
5,6,3,5,6,5,4,3,4,2,4,4,8,3,6,5,4,5,3,4,7
3,5,2,4,2,3,5,2,3,6,2,6,3,4,5,2,3,2,4,5,5,7,5,4
12,31,14,12,1
5,4,6,4,3,4,6,5,5,5,4,5,3,4,3,4,5,6,5,4,3
5,5,5,3,5,2,3,3,4,4,3,5,5,3,3,5,6,6,5,5,7,5
5,3,3,3,4,3,4,2,5,3,5,5,4,2,5,4,8,6,3,5,5,3,3,4
6,3,6,7,3,2,4,3,5,8,2,8,5,5,4,3,5,7,3,3
2,3,3,5,3,4,2,6,2,5,4,5,2,5,4,4,5,3,4,5,5,2,4
2,8,3,1,12,1,4,20,1,9
3,5,3,4,3,4,4,4,4,2,2,6,6,3,4,5,3,3,5,5,4,5,3,4
2,2,2,4,6,6,4,4,5,3,4,3,5,4,2,2,4,6,3,2,4,7,5
7,3,5,4,3,7,3,3,4,6,5,4,4,5,4,4,2,4,3,4,5,5
5,4,5,3,3,3,6,5,8,4,5,6,3,5,7,4,5,4,8,3,4,4
5,4,4,4,3,5,4,4,3,3,5,5,4,8,5,3,5,3,1,3,4,3,6
4,8,4,3,4,4,5,6,5,5,4,5,3,4,5,4,6,4,3,4,3
6,5,3,3,5,4,3,5,2,5,3,4,4,4,6,6,2,4,2,4,3,4,3,6
3,3,5,7,4,5,4,5,6,3,5,5,2,4,3,9,1,5,4,5,4,5,5,3,5,2
4,3,6,6,5,4,5,3,2,4,4,6,3,3,6,5,4,5,3,3,4,6
2,3,3,4,2,3,4,3,4,4,3,6,6,6,4,3,4,3,6,3,5,3,4,2,3
4,3,2,3,4,2,5,3,5,5,3,5,4,5,3,4,2,4,2,4,6,6,3,3
5,5,5,3,5,4,4,4,3,4,3,4,2,4,5,4,4,5,4,4,4,4,5,4
3,4,5,4,5,5,4,5,4,5,7,4,5,7,5,2,2,4,3,5,6,3,2,7
23,9,1,4,1,2,13,3
5,3,4,3,5,5,4,7,3,3,6,6,6,5,3,4,8,4,3,7,4,6
2,1