5,3,5,3,2,5,4,4,6,5,3
4,3,4,4,5,3,6,11,5,3
3,6,5,5,6,3,3,6,5,4
3,6,4,3,3,2,5,3,3,4,2,8
11,3,7,3
10,3,3,3,4
6,3,4,3,3,3,4
5,4,4,5,8
3,2,3,5,3,4,3,2
5,10,5,5
5,3,4,5,3,2,4
5,5,3,8,3
6,5,3,4,4
3,2,6,4,3,3,3
4,5,4,5,2,2
9,3,5,3,4
3,3,3,5,4,2,3
5,4,5,3,4,2
6,3,3,3,6
4,2,4,4,4,3,4
4,2,3,4,7,4
6,3,6,3,5
4,3,8,3,11
3,7,3,3,3,3,3
4,5,4,3,2,4,3
3,4,6,9,5
3,5,3,6,11
5,3,4,6,4,5
3,4,2,4,4,3
4,4,6,3,3,4
6,2,4,4,4
7,4,11,3,2
3,3,4,3,7,3
4,3,3,3,4,3
3,3,4,3,5,3,3
2,4,6,6,11
3,5,2,3,5,4,3
6,2,3,2,4,3,4
7,3,3,2,4,5
6,3,4,3,6,4
3,5,3,2,3,2,4
5,5,2,3,4,3
3,3,5,6,2,4,5
3,4,5,6,3,5
5,4,4,3,4,5
3,2,3,3,2,5,4,2
4,3,3,2,2,3,5
3,4,2,5,4,3
3,3,4,5,4,3
5,6,2,4,4,3
6,6,5,4,5
3,2,5,2,2,3,5
5,5,3,5,9
6,2,3,3,5,5
2,5,5,6,5,5
5,4,3,5,3,4
4,6,2,6,3,2
3,5,2,4,6
3,4,3,4,4,3
21,1
5,3,3,2,4,3,2,4,3,4,4,4,4,3,6,2,3,3,4,4,4,3,3,6
2,5,2,3,3,2,3,4,4,3,5,4,4,3,3,4,3,6,4,4,4,4
4,3,3,2,4,3,3,6,4,4,3,3,4,3,5,2,3,3,3,4,2,4,4,3,3
2,3,3,4,3,4,5,7,3,4,2,5,3,6,4,5,3,4,5
2,1