4,2,5,3,22,3,3
3,5,5,3,4,7,3,6,9,3,4
5,2,7,4,7,2,5,5,7,2,3
5,3,5,4,5,3
4,6,5,5,5
6,4,6,3,6,6
4,3,5,4,2,7
4,3,7,5,3
5,5,2,3,6,3
3,4,3,5,5
3,8,2,4,2,2,2
3,4,5,3,3
5,4,4,3,5,3,3
6,3,5,4,3,5,3
5,4,6,6,3
4,3,6,3,6,2,3
3,2,4,3,4,6,3
3,3,6,5
4,5,3,2,5,5
5,2,4,5,6
3,3,7,5,4
5,4,4,4,3,4
15,3
3,4,3,2,4,5,4
4,6,2,5,4,4,3
5,4,4,6,2,4
4,7,3,3,5,6
5,5,3,5,5
6,6,7,4,2
3,2,5,3,3,3
6,5,6,6,3
6,6,5,6,4
5,5,6,4,5
5,5,3,6,3,2
4,5,4,4,5,5
4,6,3,4,3,4
7,6,3,4,3,5
4,4,5,4
5,7,4,4
5,3,4,2,5
5,6,8,4
5,7,5,1,4
6,6,6,6,2
4,3,4,4,5,5,2
6,4,7,5,3
6,5,9,5,5
4,4,4,4,4,6
2,2,2,4,5,5,2,6
3,5,3,5,9
5,6,6,6,3
6,2,6,4,5,4,4,3,4,7,6,6,6,4,7,2,5,3,3,4,7,2,6
4,5,15,15,13,6,6,2,11
3,5,5,3,6,4,5,4,2,6,5,4,5,4,5,3,6,5,5,3,3,5
5,3,7,3,4,7,8,4,4,3,6,4,5,8,7,4,3,5,6,3,4
2,5,4,3,3,5,4,5,6,3,2,3,5,2,4,4,2,4,3,3,4,4,7,6,4,5
6,3,5,6,5,8,8,3,6,8,4,3,5,4,5,8,3,4,6,5
6,17,2,5,23,3,6,7,12,4
4,5,5,8,5,4,3,5,6,4,3,5,5,5,6,3,4,6,3,3,5
3,4,5,2,4,4,3,4,5,8,2,3,3,6,6,4,5,2,2,3,4,4,5
7,7,4,34,25,7,3,4,4,6
4,4,3,7,6,3,4,6,7,7,4,5,4,3,5,3,3
4,5,6,5,7,6,7,3,4,4,4,4,3,5,3,4,3,4,3,7,3
6,2,4,6,2,5,3,3,2,5,4,6,2,6,4,5,3,2,4,4,4,4,4
3,12,6,3,3,18,2,11,11
6,3,7,5,3,4,5,2,3,4,3,4,7,4,3,4,5,7,3,6,7
7,4,2,5,3,4,4,4,6,3,6,2,7,3,12,6,3,4,4,4
1,2