4,4,5,4,4,4,6,2,7,6,2,5,5,7,2,5,4,5,4,3,4,4,3,3,5,7
3,4,5,3,5,4,5,4,5,4,2,4,4,3,4,7,4,4,5,6,3,6,4,7,5,3,6
8,2,6,6,2,2,6,6,5,2,3,5,5,4,6,4,3,2,5,6,6,5,6,5,4,4,2,3
4,5,4,3,4,4,6,4,7,2,5,3,5,4,5,5,6,3,5,6,5,5,5,5,5,5
7,37
4,1,6,3,7,5
7,3,5,5
5,5,3,3,6,5,5
4,5,3,5,3,7,6
4,7,4,5,6,5
7,6,3,4,5,6,3
5,4,3,7,7,6
5,7,2,2,4,5,4,4
5,3,3,2,3,5,5,4
5,5
6,4,3,3,6,4,3,4
5,3,6,5,4,4,2,5
5,3,4,4,7,5,4
4,6,4,2,7,5,5
5,4,5,2,3,2,5,5
4,4,5,3,3,5,5,4
6,4,8,3,4,4,2,4
25,3
3,3,5,3,4,5,4,6
4,5,5,5,2,5,5,5
4,2,5,3,7,4,3,4
3,3,6,6,3,6,4,6
5,5,6,2,5,6,5,3
11,3,1,10
2,7,5,5,4,4,4,4
18,3,4,1
4,4,4,4,4,5,5,6
3,7,7,6,5,4,3
6,3,5,3,3,6,6,5
3,5,4,5,5,4,4,4
4,3,4,4,6,3,4,4,4
4,7,6,4,3,3,4,3,5
2,6,3,3,5,2,4,3,2,3
5,2,3,5,2,5,6,6
1,4,3,4,14,3
10,8,2,2,1,3
6,2,3,4,4,5,7,6
5,9,7
5,7,6,5,5,3,4
4,6,7,4,2,6,3,2
4,4,6,6,2,3,5
5,4,6,3,5,3,5,4
1,1,2,2,1,3,3,2,1,1,1
6,3,4,3,5,4,4,4
3,4,4,4,2,3,4,4,5
8,5,2,7,3,7,2
6,7,3,5,5,6,6
2,6,4,2,5,5,5,5
2,4,6,7,3,6,4,3,4
3,3,6,5,3,7,6
7,4,3,5,3,8,5
4,3,6,3,4,6,8
14,4,3,5
6,3,5,4,4,3,3,6,2
4,4,2,6,4,4,5,2
8,5,4,7,5,6,2
4,4,5,6,7,3,2,2
26,1,3
4,4,4,5,2,5,5,2,4
6,7,2,3,4,4,3,7
20,3,5
4,13,2
5,3,5,5,4,3,4,3
6,7,7,3,4,6,5
7,5,3,6,4,4,4,4
7,3,3,5,2,7,8
4,7,3,5,8,4,4
5,4,3,6,2,5,4,6
24,3,6,3,5,5,5,7,3,5,5,8,2,4,2,7,3,6,11,7,4