5,5,3,3,4,5,4,5,3,5,2
9,7,2,4,8,3,5,5,3
7,4,4,2,5,7,5,5,6,2
4,4,5,5,6,5,7,5,5
5,3,3,4,2,5
6,5,6,8
3,5,2,4,3,3
4,4,3,5,2,5
5,2,3,6,7
5,4,4,5,4
7,2,3,4,7,4
5,3,5,4,9
5,4,3,6,4,3
3,3,5,2,3,5
6,3,4,6,3
3,4,6,4,2,4,5
5,5,3,2,4,6
3,2,5,2,3,5
6,4,5,5,5
4,4,5,2,4,4,3
5,4,3,5,5,5
6,4,11,4
7,2,5,5,4
4,5,4,7,3
5,4,6,4,5,2
2,3,3,6,4,9
4,8,4,2,3,3
5,6,3,5,5
6,3,3,5,4,5
4,4,4,4,5,5
3,4,6,3,3,2,2
8,4,4,7,3,4
5,3,3,5,4,3
5,5,4,6,3,2,4,7,6,4
5,3,2,5,4,6,2,3,5,4,5
4,3,6,3,2,3,3,2,7,3,3,3,3
3,5,4,4,3,3,6,3,5,4
2,1,1,1