5,7,6,2,4,5,4,6,5,3
3,5,5,3,4,5,2,3,3,6,5,3
6,6,2,3,3,6,3,5,2,5,4
6,5,5,4,5,4,6,5,4
3,5,3,5,4,5
2,4,3,5,2,2,5
4,3,5,3,5
4,6,5,5,6
3,5,3,5,5
5,2,5,2,6,5
5,5,5,4,4,5
2,5,6,2,4,4
5,4,4,4,5
6,5,3,3,2,2,2
5,3,4,4,2,5
5,3,5,4,4
5,7,5,6
8,6,5,3,3,3
6,5,4,3,5,2
3,4,5,5,5
5,3,4,5,4,5
4,5,6,6,2
3,3,5,4,5,5
7,4,5,4,2,5
5,5,8,4,5
6,6,3,3,3,2,5
5,2,3,3,3,5,4,3
4,3,3,6,4
7,5,5,4,7
2,6,2,6,5,6
6,2,6,7,3
7,4,5,5,3
4,3,4,3,5,8
5,2,4,6,3,8
7,5,5,3,2,3
6,3,6,3,3
6,4,3,5,3,3,3
5,3,4,5,4
5,3,5,3,5,4
5,5,6,2,5
7,3,5,5,6
3,4,3,4,3,5
4,6,5,4,3,3
6,5,4,5,5
3,4,5,5,2,3,3
7,5,3,2,3,4
6,6,3,4,6,5
5,5,6,5,4
5,6,5,5,3
3,3,3,4,7,4
3,2,6,4,3,5
4,7,3,3,7
5,2,6,7,3
2,6,5,6,3,5
5,4,4,3,3,3
25,4
18,9,6,4,4,4,9,11,8,2
5,3,3,4,5,5,7,4,5,3,5,7,4,5,3,4,4,3,5,4
4,4,3,5,5,4,4,4,4,5,5,5,5,5,4,4,4,4,4,5,6,2
3,5,5,3,4,4,2,4,6,5,5,4,4,3,4,3,2,5,6,4,4,3
11,4,4,4,4,3,2,5,5,4,2,4,4,4,3,6,6,3,4,4,6,4,4
4,4,3,1,4,5,5,4,7,4,6,7,7,6,5,4,4,4,5,5,5,4,3
8,3,4,5,5,2,4,6,6,2,4,4,4,5,4,5,3,5,2,6,4,4,5
2,5,4,4,3,7,3,2,5,3,5,2,3,3,5,5,4,3,5,4,4,4,4,4
4,5,5,5,5,4,4,5,6,5,5,3,5,2,3,5,2,4,6,4,4,5
2,1,1