3,6,4,3,4,5,5,6,4,6
24,3
8,4,4,3,3
4,4,5,2,7,7
4,7,7,6,6
5,6,3,3,7,3
5,1,4,5,4,4,5
4,2,5,2,4,4,3
2,6,4,4,4,4
7,3,5,8,2
5,14,4
5,2,3,2,4
4,4,2,6,7
6,7,4,5,3,4
3,4,3,7,3,3
6,5,3,4,3,3
3,5,5,5,3
6,7,3,9
5,4,5,3,5,5
6,6,5,5,4
6,5,2,5,8
4,2,6,5,5,4
4,1,1,1,1,1,4,3,1,1,2,3,4,1
3,3,3,3,3,3,4,4,3,4,4,4,5,6
4,4,3,2,2,3,4,4,3,4,4,5
3,3,4,6,4,5,5,8,6,5
3,5,5,4,2,4,2,4,4,5,5,5
6,4,3,8,2,3,3,4,5,3,3
6,2,4,4,2,3,3,4,8,4,4
1,15,15,2
6,3,4,5,6,4,4,3,3,3
2,10,2,1,12,4
4,17
4,4,4,4,6,5,2,4,4,5,3
4,4,4,4,7,5,7,2,4,3,4
5,4,4,3,3,3,4,4,5,5,5
4,4,2,4,3,2,5,3,4,5,2,4,4
6,3,3,1,9
4,6,4,4,4,4,3,3,4,5,3
1,2
1,1,1,4