4,4,5,2,4,3,2,5,4,3,2
4,28,3
2,4,5,5,6,4,3,2,4,2
3,2,1,3,3,2,3
4,4,3,3,4,1
3,2,2,4,5,1
2,5,3,3,4
5,2,3,1,2,2,2
2,5,2,5,2
3,3,4,3,3,3
2,3,3,6,4,4
3,4,5,4,2,3
3,5,2,5,2,4
2,4,2,5,3,1
5,3,3,3,3,3
2,2,4,3,4
2,3,3,6,1,3
4,4,2,1,4,3,5
4,5,3,2,6,3
4,1,3,3,6,4
4,3,4,2,5,2
4,2,2,2,4,4
3,13,2
2,6,1,2,3,5
3,5,2,2,4,4
3,3,1,3,3,6,2
4,6,3,4,3
4,5,3,2,2,3
5,2,3,2,4,4,1,4,4,2,3,1
3,3,4,5,1,4,2,4,3,3,6,1
11,11,7
4,1,5,3,4,4,4,1,6,2,2
6,2,2,2,9,2
5,5,2,3,4,15,1
5,4,2,1,4,4,5,4,5,3,3,3
4,3,4,3,2,2,3,3,2,2,3,5
5,3,3,4,4,2,4,4,3,3,4
1,4,10,12,6
2,2,2,5,6,2,3,2,1,3,1,1,5
5,2,2,3,4,4,3,1,3,3,2,4,2,3
3,5,3,2,3,3,3,1,1,3,4,2,2
10,10,2,1,2,3
3,3,4,4,4,3,4,3,2,3,1,4,2
3,5,6,4,4,4,3,5,3,5,2
6,3,2,5,4,4,3,2,5,6
5,2,5,3,2,4,3,3,5,3
4,2,4,3,3,3,3,2,2,2,3,4
3,1,3,4,5,4,3,3,2,3,3
3,5,4,3,4,6,3,4,3,5
4,3,1,14,4,3,7,6,4,12,8
2,1,1,1,1,1,1,1
2,1