2,15,10
12,4,4,6,6,5
3,4,2,5,2
3,2,5,3,3,2
4,5,4,4,3
3,3,5,5,4
4,2,4,3,3,2
3,3,2,3,2,1
3,4,3,4,5
4,1,3,2,2,4
4,4,5,4,5
2,4,3,4,4,3
4,1,4,4,4,2
4,1,3,4
4,4,2,4,5
4,4,3,4,2
4,4,4,4,3
5,1,4,3,5,4
4,2,4,2,2,2
3,3,3,4,3,3,2
1,4,2,2,3
6,4,2,1,4,4,2
2,5,4,2,3,5
2,3,3,5,3,4,3
2,3,3,3,4,2
4,2,3,4,1,3
3,2,3,5,1,3
6,3,3,3,2,3
3,3,2,2,1,3,2,2
3,5,5,3,6
4,4,4,2,5
3,5,2,5,5
4,2,6,3,4,2
5,3,4,4,4
3,3,3,2,4,4,2
3,3,1,5,3,2
4,4,2,5,1,3
3,2,2,4,4,4,5,5,3,2
2,1,4,3,20
2,2,2,3,3,3,2,3,4,6,2
1,2,3,4,3,2,5,4,4,5
3,5,3,3,2,2,5,3,4,4,5,3
5,3,4,5,4,2,4,3,3,4
2,12,4,3,2,2
3,8,2,1,12
2,1,1,1,1,1,1,1,1,1,1,1
2,1,3,3,3,3,3,4,3,2,6
4,3,6,11
4,29