5,5,7,5,3,1,1,5,3
3,4,3,4,2,4,3,4,3,5
3,2,4,5,2,5,2,3,2,2,2,1
6,3,6,4,2,3,2,3,4,2,4
3,4,7,1,4
4,3,4,2,2,1
2,3,5,4,4
4,4,3,4,5
4,4,2,2,4,3
1,3,2,7,2,3
4,3,1,2,1,4
1,3,1,4,3,4
4,2,4,2,3,2,4
4,4,1,2,4
6,3,4,7,4
5,3,4,3,3
1,4,1,3
2,3,2,5,5
2,1,3,2,2,4
4,5,5,4
7,1,5,3,4,3
3,2,3,3,6,3
4,4,3,5,6,5,4,4
4,3,4,2,5,3,2,1,3,3
3,4,4,3,5,3,3,2,2,2,4,1,4
6,4,2,3,4,4,4,4,5,1
5,6,5,2,3,3,2,8,5
2,3,6,4,3,3,2,3,2,5,3
3,4,5,1,2,4,4,3,4,5
3,2,2,3,3,3,3,3,4,5,1
3,4,3,3,2,4,4,4,4,2
2,3,3,4,2,4,2,4,2,4,2
2,4,4,3,3,2,4,3,2,4,2
3,4,3,2,4,5,3,3,4,2,3
3,3,4,4,1,4,3,4,2,4
4,2,6,3,3,3,2,3,2,4,3,3,3,3,4,3,4,3,2,3,1,1,4,4,1
4,3,5,1,2,8,6,7,1,8,3
3,11,1,3,1,2,6,3,22
4,1,3,3,3,2,6,4,1,5,3,2,4,3,4,4,3,2,2,3,2
6,3,2,2,3,3,3,2,2,5,4,4,4,3,3,2,4,4,3,2,2,3,3
32,14,26,1
2,3,4,4,3,3,4,3,3,8,5,3,2,3,2,4,4,6,2,3,3,4
2,5,3,2,1,4,5,1,3,2,1,2,3,3,5,1,4,2,4,4,2,4,1,4
3,3,3,2,4,4,6,3,2,3,3,3,1,1,2,2,3,2,3,2,4,4,4,5,3,2
17,1,2,1,1,6,16,3,12
3,2,1,3,2,5,5,2,4,2,4,2,6,3,3,4,3,4,4,3,3,4,3,3,2,3
3,1,3,4,2,3,3,5,8,1,5,6,2,5,4,2,4,2,6,3,2,3
3,2,4,3,3,3,2,2,5,2,3,3,2,1,3,4,3,1,4,3,3,3,3
4,1,1,1,5,5,6,12,4,5,2,3
4,5,1,3,1,1,3,2,4,2,2,2,3,3,3,3,2,2,3,3,4,3,2
3,29,18,1,4,19
2,1