4,5,2,3,3,2,4,2,3
3,2,1,2,3,7,4,2
4,2,5,2,3,2
4,3,4,4,4
3,2,4,8,4
4,2,5,2,3
4,3,3,3,2
3,3,2,2,4,4,3
2,2,6,4,3
6,3,3,4,4
2,2,2,5,4,3,4
1,4,2,3,3,3,3
3,3,4,3,3,2
5,4,4,5,1
3,2,2,8,3
3,2,3,2,4,4
3,3,3,3,3,4
2,4,3,3,3,2
3,3,4,2,1,2
3,3,2,4,3,5
2,2,3,1,3,3,4
5,4,3,3,4,2,2
3,3,4,4,3,5
2,2,2,4,4,2
2,3,3,2,5,2,3
2,2,3,4,3,5
4,4,3,4,4,2
3,3,2,3,2,4,3
4,4,2,4,3,3,4
2,2,4,3,2,3,3
3,2,5,4,2,5
4,2,3,4,5,3
3,2,4,2,4,3,2
2,3,3,3,1,4
5,1,3,2,1,2,3
4,3,2,3,3,2,3,3,2,4,3,3
2,3,3,3,3,3,2,3,2,4,5,3
4,3,4,4,2,4,3,4,7,2
3,6,2,26
4,3,3,3,4,3,4,4,3,2,3
2,4,4,3,3,4,3,2,4,5
4,4,2,3,2,3,5,2,4,3,5,2
3,4,5,3,4,2,1,4,3,2,3,5
6,4,4,3,2,4,2,3,3,5
5,8,1,2,3,3,1,2,3,1,3,3
8,2,3,9
5,2,5,4,2,1,5,3,2,1,3,4,2
5,2,2,4,4,2,3,4,5,4
4,3,2,2,3,1,2,4,3,4,3,2,3
3,4,3,3,2,3,5,3,3,2,3,2,2,4
3,2,5,1,2,3,2,2,1,2,2,2,5,5
2,3,2,1,4,1,2,2,2,4,1,1,4
4,1,2,2,3,3,3,2,2,4,2,4,3
4,2,4,3,4,3,3,4,3,5
6,3,3,3,5,3,1,4,1,2,3,3
5,2,3,4,2,4,3,2,3,4,3,2
3,5,2,2,1,2,2,3,3,2,3,4,2
2,1,3,2,5,2,3,1,5,4,4,2
4,2,2,2,5,3,3,2,3,4,2,2,4,2
5,3,4,1,5,4,4,1,2,2,3,2,2,3,4,5,3,5,2,2,5,1,3,2
4,3,5,6,2,2,3,4,2,5,4,2,4,3,3,3,1,5,2,4,4,3
11,2,8,2,3,3,10,8,3,3
5,2,4,3,1,2,2,5,4,5,3,2,2,3,3,1,2,1,3,2,5,1,4,2,4
5,3,3,3,2,2,2,2,4,4,3,3,2,2,4,2,2,3,2,3,4
5,3,5,4,6,2,4,8,1,1,2,5,4,4,3,3,2,4,2,4