4,3,2,4,3,6,5,2,3,2,4
4,6,5,3,1,2,3,1,2,4
5,3,3,3,3,5,3,5,2,2,4
2,4,5,4,3,2,5,4,4,3,2,3
2,5,2,4,2,4
2,3,4,2,5,3
5,2,4,3,1
3,2,4,5,3,1,3
3,4,5,3,1
4,5,2,3,1,1,2
2,1,3,1,3,2,3,4,5
4,1,3,4,6,2,1
4,4,3,3,5
3,4,3,4
4,3,2,2,4,3
4,3,6,4,2
4,4,3,4,5,3
5,5,3,3,2
3,3,5,5,3,2
3,4,3,3,3,4
4,3,7,4,3
11,1,4
3,8,4
3,4,5,2,4
5,4,5,3,2,2
2,2,3,2,4,3,5
5,3,2,1,3,5,2
1,4,1,6,2,3
3,4,3,2,4,2,2
3,3,5,4,5,5
3,2,4,3,3,2,3
3,1,3,4,3,4
3,4,2,1,1,2,2,4
5,3,6,5,1,3
4,5,4,4,6
3,3,3,2,3,4,2
4,5,7,4,2
2,24
4,5,3,4,3,2,3,3,4,1,2,3
3,5,3,2,2,5,3,4,4,5,2
6,3,4,3,2,2,3,4,3,4,5
4,5,3,4,5,5,3,3,2,1,4
1,2,4,4,3,3,4,4,3,4,3,3
4,3,5,4,1,2,2,3,5,2
1,2,4,2,1,2,2,2,1,3,2,4,3,3
3,4,2,1,2,3,1,1,5,3,5,2
4,4,2,4,3,2,5,1,1,2,3,3
4,3,3,4,2,3,2,5,6,3
1,3,2,2,2,2,2,6,1,1,2,3,4,2,4
3,3,4,4,2,3,6,4,3,4,3
1,2,2,3,2,2,4,5,2,3,4,3,3
4,4,4,4,6,2,3,3,4,3,4
2,5,4,3,2,3,3,1,4,5,2,1,4
5,15,13,6,1,14,9
5,4,4,5,2,5,2,3,3,3,3,1,3,2,4,4,1,2,3,2,2,2,4
2,4,1,1,7,4,7,10,1,11
8,17,13,9,11
28,2,9,4,6
6,3,32,2,7,13,14
2,1,1