2,5,2,17,2
5,5,2,3,3,2,3,3,3,4,2
4,3,4,4,6,4,2,3,4,3,2,4
2,3,3,3,5,2
2,3,2,4,5,5
5,2,5,4,5,3
3,4,3,4,2,5
2,5,1,4,1,2,3
3,3,1,3,1,3
5,2,4,4,1,2
2,4,3,3,2,3
6,3,3,1,3,2,4
13,3
2,1,9,3
5,6,2,4,2
3,3,2,5,2,3
3,3,1,3,4,2
5,5,3,3,2,3
3,3,2,4,1,4
4,1,3,5,2,4,4
2,2,3,2,3,3,3
5,3,4,4,5,5
1,4,4,6,4,1
2,2,1,3,5,5
2,5,3,5,3,2
2,1,4,4,6,2
3,6,3,4,3
6,4,5,4,4
2,4,1,3,1,1,4
3,5,2,3,4,4
2,1,6,3,2,2,1
2,10,4,1,5
4,4,5,4,3
2,3,4,3,6,3
3,2,4,2,2,4
3,3,4,5,6,3
4,3,3,4,2,4
5,2,4,3,2,4
3,2,5,2,3,4
3,3,5,4,5,1,4,3,4,1,3
1,3,2,5,2,5,3,4,3,2,5
12,12,1
5,3,3,2,4,5,3,4,4,4,2
4,4,3,2,2,3,3,4,3,3,1,3
2,4,5,4,3,4,3,3,5,3
4,1,3,2,2,4,3,4,5,3,4
5,3,4,5,2,2,3,1,2,2,4
1,7,8,26,1,4
2,1
2,15,5,10,4,5,1,14
5,3,4,4,1,3,7,5,4,1,2,2,3,1,2,6,5,1,3,1,5,1,4,4
1,6,1,7,10,2,1,3,5,2,1,9,3,5,2,1,2,8