3,2,3,4,2,2,5,5,4,3,5,1
8,5,10,5
3,5,4,3,4
4,2,3,2,1
4,3,6,3,4,3
4,4,2,1,1,4,1,2
3,4,4,2,4,5
5,4,1,1,4,4,1
3,4,3,4,5,3
2,3,4,4,3,2,3
3,2,2,1,2,2,3,2,2
5,3,3,2,1,3
2,4,2,5,4,4
4,2,2,1,1,2,1
5,3,5,3,2
2,1,6,2,3,1,3
3,2,5,2,3,4,5
3,2,2,3,4,6
2,2,5,3,3,2,4
4,2,4,3,1,2,2
5,4,3,2,4,3
1,1,4,2,3,4,5
6,6,2,4,2
8,4,2,6,4
5,3,6,8
15,2,2,5,3,4,1,4
6,3,2,5,2,2,3,3,3,5
6,6,5,4,2,4,2,4,2,3,2
4,1,1,4,4,3,4,1,3,2,4,6
4,9,9,6
5,3,5,4,2,4,1,2,3,4,4,3
2,32,3
12,6,10,2
6,3,6,3,5,4,2,4,4,4,3
4,4,6,1,5,1,4,4,2,2,2
3,2,3,3,1,4,4,2,7,3,4
4,4,1,3,6,1,2,5,2,5,5,3
21,1,4
2,1,4,2,3,3,3,4,2,3,5,1,2
1,20,2
2,1
9,1,2,3
1,2,1,1