5,1,17,1
7,2,4,4,3,4,5,1,4,3,8,4
4,4,3,1,2,2,2,2,1,3,2,5
3,5,3,1,6,3,3
2,2,2,1,2,2,4,4
3,5,3,4,3,1
3,2,5,2,3,4,2
3,5,6,2,4
3,2,2,1,3,2,3
3,5,2,6,4
4,2,3,3,3,2
4,3,1,5,4,2,4
3,4,2,3,1,3,3
2,2,3,4,4,1,4
4,3,3,4,2,4
3,3,2,3,1,3,3,2
5,1,4,4
3,4,2,1,3,3
4,4,4,2,3,4
3,3,5,3,2,5
1,3,2,3,4,3,3
3,3,4,2,1,2,4
4,2,3,2,4,3,3
3,2,3,5,4,1
2,3,1,1,2,2,4,3,2
4,4,4,2,2,3
2,2,4,5,3,2,4
4,4,3,2,6,2
3,3,4,2,1,2,1,2
2,4,3,4,3,2,4
6,4,3,4,3
4,1,2,2,4,5,3
14,2
5,3,3,5,4,4
3,3,6,6,4
8,7,5,4
3,3,3,3,7,3
5,2,3,3,3,3
4,4,2,2,3,5,2
2,3,4,5,4,3
3,3,5,4,4
2,3,5,2,1,3
3,1,2,5,1,5,3,2,4
3,3,3,2,3,3
3,3,1,2,3,2,2,3
3,1,5,4,3,2,2,4
4,2,5,3,4,3
3,2,5,3,3,3,3
4,2,1,1,2,4,3
4,2,3,3,2,6
5,6,8
3,4,2,6,4,4,4,4,3,5,2,1
2,5,3,4,3,3,3,3,2,2,4,2
3,2,6,2,4,2,4,1
13,1,1,7,3,4
3,2,4,4,2,3,3,5,6,3
4,3,2,1,4,4,5,3,4,3,2,1,3
25,2,3
2,2,3,1
4,23,1
2,1
1,3,4,3,2,3,3,2,3,2,4,3,3,3,2,4,2
3,5,2,4,3,4,3,4,2,1,1,4,4,2,3
3,2,3,2,3,3,4,2,2,3,4,3,3,4,3,4
2,5,2,5,4,1,1,1,1,1,3,4,5,2,3,3,6,3
2,4,1,2,4,2,2