2,6,6,8,2,3,5,4,3,2,4
3,4,4,6,3,3,5,3,3,4
6,3,4,5,5,4,2,3,7,3,4,2
4,2,4,3,3,4,3,6,6
5,3,3,2,5
6,4,4
5,3,5,4,5,3
4,4,6,3,3,5
5,4,4,2,3,6
5,3,6,4,5
4,2,2,3,7,3,5
4,5,2,3,4,2
2,4,4,6,6,1,4
4,2,7,9,4
3,6,2,5,3,2
3,3,2,2,7
4,4,4,4,3,2,5
3,4,4,2,7
3,5,4,4,5,4
3,4,3,5,5,3
2,4,2,2,4,2,5
5,2,3,5,6,3
4,4,4,5,7
3,6,5,2,5,6
7,8,5,7
5,6,3,3,2,5,4
4,5,2,5,3,6
3,6,6,2,3,4
5,5,3,5,3,2,6
3,2,6,3,2,3,4
6,4,4,7,4
4,7,4,6,3
4,6,2,4,6
7,4,4,6,2,4
3,4,5,8,2,3
4,4,2,3,6,4
4,3,6,5,3,2,3
6,4,4,3,5,4
7,4,4,4,3
4,4,4,5,4,4
4,4,6,7,4
4,5,5,8,4
5,3,4,4,3,5
5,2,4,5,4,4
6,3,5,5,4,3
4,5,6,3,4,4,2,2,4,4,5,2,6,5,5,3,4,4,7,5,5,5,5
2,3,5,5,3,5,4,5,3,5,3,5,5,5,2,6,5,4,5,3,5,4,4
3,5,5,4,2,3,2,7,4,5,4,6,5,5,4,5,4,2,5,4,5
4,6,24,1,8,12,1,2,2,3,4
3,3,4,6,5,3,2,8,4,4,4,3,4,4,5,3,3,4,5,7,5,3,8
7,4,7,2,4,1,3,3,6,5,6,6,6,3,4,3,5,5,4,4
2,1,2,1,5,1,1,4,6,1,2,2,1,3,1,1,1,2,2,1,1,2,3,5,11,4,2
19,2,11,23,15,11
3,39,1,7,2,3,1,9
4,5,3,3,6,5,4,6,5,3,3,4,4,4,4,3,4,4,2,5,3,5,5
2,5,4,3,3,4,2,3,3,4,4,5,3,4,3,4,4,4,5,5,3,4,4,3,6
2,18,3,7,24,2,5,8,3,6
17,3,8,16,1,12,6,3
51,21,2,4
6,4,4,5,6,5,5,4,7,4,4,6,3,3,4,5,3,5,4,6
8,5,5,6,7,5,6,5,5,6,5,3,3,4,12