4,5,27
1,2,9,18,3
3,2,3,1,1,4,2
4,4,2,4,7
4,2,2,3,4
4,2,3,5,3,1
4,5,2,2,3
4,2,2,4,3,2
4,3,4,4,1,2
2,2,4,3,3,2
4,9
1,2,10,5
2,5,2,1,2,6
7,1,7
1,2,4,3,3,5
4,4,3,3,5,3
3,2,1,2,3,2,1
4,3,2,3,3,1,2
4,3,3,2,4,2
3,4,3
2,7,3
4,5,4,3,3,3
4,2,4,2,5,2
3,4,1,7,3
3,3,3,5,1,4
5,6,5,1,2,3
3,5,5,1,4
4,2,4,4,5,5
2,3,4,4,4
3,5,4,6,1
4,2,2,3,2,4,3,4,2,4,5,5
1,10
1,14,5,1,4,1
5,10,3,3,6
2,5,7
3,2,1,1,1,2,3,5,3,5,1,3,5
2,13,3,6,7,1,3
3,3,2,4,4,2,2,6,4,3,3
8,14,2,1,4
14,2,10
2,15,1,7
2,1,1,1,1,1
1,3,2,6,2,2,4,2,2,1,3,4,2,2,2,1,4,2,4,3,2,4
2,1