4,3,4,5,4,5,2,5,2,4
5,4,4,5,4,3,5,3,3,4
5,3,4,5,3,4,3,4,5,6,4
5,6,4,4,3,3,8,3,4,4,3
3,1,13
3,2,4,5,5,7
3,4,5,5,3,2,4
4,5,3,5,3,3
3,5,5,8,2
5,4,4,3,5,3,3
4,5,7,5,8
3,5,3,2,5,4
9,3,4,4,6
4,3,1,4,6,6
5,6,3,5,6
4,4,3,5,5,4
5,6,4,3,4,4
3,3,6,6,6,3
2,4,3,3,5,5,2
4,6,3,4,6
3,3,4,4,3,8
3,9,5,4,3,3
3,4,4,4,4,5
4,4,4,3,3,1,5
3,5,5,3,3,7
4,5,4,3,2,5
2,2,4,4,6
5,5,5,5,4
4,4,5,5
4,3,4,4,5,5
4,4,5,6,2,4
5,5,4,6,4
3,4,4,2,4,6
5,6,4,2,5,5
3,5,5,5,3,5
6,5,3,4,5
6,5,7,4,5
6,4,5,5,6
5,4,4,5,5
3,4,2,4,2,4,2
4,2,5,5,6
2,6,6,6,2
3,5,2,5,3,4
6,2,5,4,5,5
4,6,4,6,4
6,5,3,3,4,5
3,4,4,2,3,6,7
4,3,5,5,5,4,2
3,6,4,4,6
3,2,4,5,4,4,3
2,15
5,3,4,5,1,1,6,6,1,4,3,6,5,4
8,29
4,6,6,4,6,3,4,6,3
6,5,5,5,2,3,6,4,3,4,6
3,7,3,5,3,2,6,7,4,3