3,2,3,2,3,3,1,1,3,1,2,3,3
3,3,2,2,5,3,4,2,1,3,4
3,19,3
3,3,2,6,2,2,2
3,5,3,4,2,4
3,3,4,2,5,3
4,3,4,2,6
6,15
5,2,2,6,4,3
3,3,2,1,3,4
3,5,5,3,4
5,2,3,2,3,3
3,4,3,2,5,3
6,4,4,5,1,1,2
4,2,5,7,2,1
3,3,3,4,4
3,4,4,3,1,3
5,4,2,5,5
3,4,5,4,2,3
3,3,4,3,3,3
2,4,1,1,2,1
5,4,2,3,2,3
4,3,2,4,3,3
5,4,3,3,4,2
3,2,2,4,4,1
4,4,3,2,2
3,3,2,2,1,4
10,6,1
2,3,1,1,2,4,2
4,1,2,4,2,2
2,4,4,2,4,1
5,5,4,3
8,3,4,4,2
1,2,2,4,4,3
2,3,3,2,3,2
5,1,4,2,2,4,2
3,3,4,2,2,2
8,1,4
2,3,2,3,3,2,4
4,3,5,2,3,5
3,3,5,4,5
1,1,3,2,2,3,2,2
2,5,2,6,2,3,2
2,1,1,8,9
5,4,6,6,4,2,3,3,3,1,4,2,8,4,3,5,1,3,3,5,4,2
1,4,17,3,13,22
3,3,2,4,2,3,5,4,4,5,3,2,6,4,3,4,3,1,4,2
4,6,47,3,4
7,4,4,4,3,3,5,5,4,3,5,1,5,2,4,3,3,3
4,3,3,4,5,6,1,7,10,2,1,1
35,10,5,2,2,6,2,8
18,5,2,5,10,6,2,8
1,3,2,3,3,6,5,2,1,2,4,2,3,5,3,7,4,2,2,2,4,2
4,1,4,2,5,2,3,3,1,4,4,4,2,3,3,4,4,4
4,7,12,10,24,1
3,8,17,6,3,9,1
1,2,1