1,2,3,2,4,4,4,2,5,4,4
1,2,4,4,3,3,4,3,3,3
4,2,3,2,3,4,3,2,4,3,3
3,3,4,2,4,1,4,4,4,2,2
5,2,3,3,3
5,2,3,5,2,3
1,4,2,4,2,1,4
6,2,3,4,4,3
6,2,3,2,3
3,2,3,5,2,2
3,3,4,3,3
4,1,2,4,3
3,1,2,4,3,3
3,1,3,1,5,3
1,4,4,3,2
4,3,3,4,3,1
3,3,5,4,4,4
5,2,1,5,4,2
4,3,2,3,4,3
5,1,2,3,2,4
3,4,4,3,2,3
4,1,3,3,3,2
2,3,2,5,2,3
4,2,1,2,3,2,3
1,5,4,2,3
4,4,6,2,3,4
3,2,2,5,3,2
3,4,3,5,2,2,3,3,3,2
3,2,13,10
3,1,5,4,4,4,3,2,3,1,3
4,6,3,5,4,2,6,2,3,3
4,3,2,4,2,1,3,2,3,3,3
2,2,3,3,4,4,3,6,4,2,4
2,3,6,3,5,3,2,4,3,3
4,5,5,4,2,3,3,3,3,4
4,4,3,3,4,3,4,2,4,2
5,3,2,4,3,3,5,3,3
4,3,7,6,3,3,4,2,5,3
8,2,1,5,2,3,2,7,1
4,3,3,4,4,2,3,2,5,6
3,22
3,4,2,4,2,3,3,2,7,4,2
3,4,3,4,1,3,2,1,5,3,2
4,3,4,6,3,3,3,3,4,3
2,4,5,3,4,2,3,2,1,2,1,1
4,4,3,3,3,2,3,3,6,2,2
2,5,2,2,4,2,3,3,4,3,3
2,4,3,2,4,4,3,7,2,2,4
4,4,2,2,3,5,2,3,4,4
3,4,5,3,3,5,3,2,3,3
2,2,3,3,4,3,3,3,1,3,1,1,2
2,1,2,3,3,3,2,3,4,2,3,2
6,4,7,4,5,3,3,3,3,3,3,7,2,2,5,2,3,4,4,3,3,3
25,1,25,6,3
3,5,3,3,4,2,2,2,3,6,3,3,2,1,3,2,3,3,4,4,2,3,4,5
3,5,3,3,6,3,2,3,4,4,2,2,3,4,3,4,3,3,5,3,1,5,3
9,6,2,16,11,7,14
26,2,5,5,2,4,1,2,4,4
5,3,5,6,6,4,2,21
5,2,4,2,2,3,4,2,3,3,1,4,2,4,3,5,3,3,3,4,7
5,10,3,15,8,2,23