3,6,2,3,4,5,3,5,3
3,2,3,5,5,1,2,6,4,3
3,3,3,5,3,5,4,5,4
4,3,3,4,4,3,4,3,4,3
10,11
3,6,4,2,2,3
5,2,2,3,2,3
4,4,4,4,4
4,2,4,2,1,3
3,3,4,1,3,3,2
2,4,5,3,3,5
4,4,4,6,5
2,5,3,3,2,3
3,2,2,4,4,5
4,3,4,3,2,4
3,5,7,4,1,3
4,5,3,3,3
3,4,3,3,4,3,1
5,3,5,2
2,2,4
2,5,2,2,5,2
4,4,3,3,6,5
4,2,2,5,3
3,2,5,2,2,6
1,3,2,3,4,2
3,5,3,5,2
4,2,5,4,5
3,3,5,1,2,4
5,1,3,4,2,2,2,2,5,5
3,10,9,4,6
2,3,2,3,5,2,2,3,2
4,3,3,8,5,1,4,3,4,2
3,5,4,5,1,4,1,3,3,2,5,2
3,2,6,3,3,2,2,3,2,3,2,3
3,2,5,2,2,3,3,2,4,3,6
4,3,2,5,3,3,3,3,5,2,2,3
2,4,5,5,2,3,5,3,5,5
2,3,4,3,3,4,2,3,2,4,2,3
2,2,4,4,2,3,5,3,2,2,5,2
3,6,4,7,6,5,3,3,9
2,2,3,2,4,5,6,2,5,2,3
5,5,5,4,6,5,4,2,3
4,2,2,3,5,7,3,1,3,3,2
2,3,2,2,2,4,1,2,6,1,4,3,4,3,4,2,2,5,4,6,2,5,1
3,9,2,17,2,7,1,6,9,3
2,2,2,2,2,5,6,3,1,4,5,3,3,2,3,5,3,4,3,4,4
4,5,3,2,2,4,2,3,3,2,2,5,4,2,2,5,2,2,2,3,3,3,2,2
3,4,2,4,4,5,4,4,3,4,2,5,2,2,3,2,5,4,5
4,3,2,2,5,1,3,4,5,3,2,2,1,2,2,3,3,5,3,4,4,5
5,3,3,3,6,2,2,4,5,3,3,3,3,3,4,5,4,2,4,6,5,2
2,3,4,3,3,3,2,5,4,3,3,4,3,4,4,4,2,3,4,2,4,6
3,2,5,4,2,2,6,2,4,4,2,5,4,3,4,3,3,5,4,3,3,4,4
4,6,2,2,3,3,2,3,1,3,2,2,1,4,3,4,3,7,5,4,6,5
17,8
12,10,13,1,28
16,25,2,9,13,3,1
5,2,4,3,2,4,3,4,4,3,4,4,1,3,3,5,5,4,2,4,3,2,2
4,6,4,1,3,1,4,1,3,2,3,4,3,6,7,3,3,3,2,3,4,3,3
3,2,4,3,5,7,4,3,3,3,3,3,4,5,4,1,2,4,5,2,4
4,4,5,2,3,3,3,1,2,2,1,2,3,3,7,4,5,2,4,2,2,3
4,5,4,2,5,2,4,4,2,4,3,1,6,2,1,2,4,3,6,3,4,4,3
2,5,3,4,5,4,5,5,5,2,4,2,2,3,2,3,3,2,3,4
1,22,4,1,36,7
2,4,3,4,1,2,3,3,1,2,4,2,3,3,3,2,4,4,3,4,3,4
2,1,1,1