4,1,21
2,2,3,3,4,2,3,2,1,2
2,3,3,3,3,2,2,5,6,4,2
3,4,2,2,5
4,2,8,5,1
3,2,4,2,4,3
14,2
4,4,1,4,4,3,6
2,6,6,2,2
4,3,4,4,5,1
1,4,5,3,3
4,4,1,2,2
5,4,3,5,4
2,4
4,2,3,3,3,3
4,3,2,3
3,2,3,4,4,3
2,1,6,1,3,4
1,1,2,2,3,4,1
4,2,3,2,4,2
3,2,3,2,2,2,4
3,3,4,4,4,3
3,3,3,4,2,2,1
3,3,3,4,3,1
4,4,4,6,4
3,6,2,2,4,3
3,4,4,3,1,5
3,1,1,3,2,3
3,3,2,3,3,3,2
1,2,3,2,2,2
2,4,5,7
3,2,3,5,3,1
2,4,2,1,5,3,3
3,3,3,4,1,2
3,3,5,3,3
6,5,2,3,3
4,5,3,2,4,1
4,5,2,4,3,3
5,3,5,5,5
2,2,5,3,2,4,2
3,3,3,2,4,2,3
4,3,4,2,4
6,3,3,3,5,3
2,17,1
6,3,2,3,2
4,3,6,3,4
5,3,2,4,4,1
3,3,4,2,5,1
3,3,8
5,3,4,2,3
3,3,4,4,2
3,16
1,10,3,1,19
4,2,4,2,3,2,4,6,4,3,1,6
2,1,3,3,2,3,4,4,1,3,5
3,5,4,3,3,3,3,2,2,2,3,2
3,1,2,3,4,2,3,2,2,4
11,5,12,9,2
4,2,4,3,3,3,1,4,2,4,3,3
2,4,3,4,2,5,4,3,4,2,3,2,4,2,3,4,3,2,4,3,6,2,2
10,5,1,26,2,2
2,1,1