5,1,16,2,2,3
4,5,4,4,3,2,4,4,5,3,4
4,3,4,5,2,4,4,4,3,2,4,4,3
3,7,5,4,5
4,5,6,5,4
13,1,6
6,4,5,2
5,6,5,2,5,4
3,5,6,4,4,4
3,5,4,6,7
4,6,3,3,4,2,3
4,3,5,4,4
5,4,3,4,4,4
6,3,7,6,5
3,5,2,3,4,3,3
4,2,3,4,2,5
3,4,2,3,4,2,3
4,2,3,4,2,2,4
5,4,2,3,4,5
4,3,2,4,3,3,2
3,6,2,4,1,2,3
4,6,6,3,5
5,5,3,3,5,3
3,4,4,6,4
5,2,3,2,3,4
4,4,3,4,3
5,11,4
3,3,3,4,5,6
2,2,4,2,5,4,1
3,5,3,3,5
5,4,4,6,4
3,3,3,5,5,5,3
4,4,6,6,3,3
5,4,3,6,5
2,4,5,5,3,3
1,1,1,1,1,1,1,1,1,4,1,2,2,1
5,4,4
5,4,2,7,3
3,6,3,5,6
2,5,6,6,4,2
7,3,7,6
4,4,2,3,6,3
4,6,7,3,5
4,4,6,7,5
5,4,2,6,6
6,4,6,4,6
4,4,3,3,6
4,4,7,2,3
7,3,6,4,4
3,6,5,4,6,3
6,5,5,6,3
4,2,2,5,5,4
6,4,4,3,6,4
5,3,3,6,3,4
2,4
1,2,2
3,3
2,3
1,4
2,1,1
5,1,1
5,1
2,1