4,4,5,4,4,6,4,6,3,4
4,4,8,9,1,7
5,4,4,4,3,3,7,4,4,5,6
4,5,3,2,4,3,4
5,4,4,2,3,3
5,3,3,5,6
3,5,3,2,3,3,5
3,5,5,3,2,3
6,4,6,3
7,4,5
6,3,5,3,3,6
4,6,4,3,4,6
3,7,4,4,4,3
9,5,4,3,3
8,4,4,4,4
4,4,3,6,2,4
5,6,3,4,5,4
5,3,5,5,2,3
6,3,3,6,6
3,4,4,3,4,4
6,2,6,4,4,6
6,3,3,7,4,4
3,3,4,6,3,5,2
4,1,4,4,6,3,4
5,3,3,4,6,3
2,4,3,5,3,2,5
4,5,4,4,6,4
3,4,8,5,3,4
3,5,3,4,4,4
4,5,5,3,5,5
2,5,6,4,6
5,4,4,5,5,5
3,3,3,7,6,6
3,3,5,3,3,5,5
3,6,6,3,2,5
3,4,6,6,3,3
2,5,6,2,2,4,3,4,3
5,3,3,6,5,5
2,5,3,4,3,6,3
5,3,3,5,3,4,5
3,5,4,3,5,4
6,6,3,4,6