2,5,6,3,5,2,5,5,6,4,4
3,3,4,4,3,4,3,3,4,4,4
4,5,4,4,4,4,4,4,4,4
1,3,7,4,4,2,4,4,4,5
3,4,5,5,4,4
5,4,5,4,4
7,5,4,2,3
4,4,3,4,4,3
3,4,4,3,3,2,3
2,4,2,3,5,3,3
3,5,3,3,4,4,3
4,3,4,3,5,3,4
3,5,3,4,4
4,5,5,5,4
5,3,4,4,3,4
4,3,3,7,5,5
5,4,4,2,3,3
4,4,4,6,4
4,4,4,4,3
6,4,4,4,5
2,3,4,3,3,5
5,3,3,2,2,3
4,8,6,5
2,4,3,4,3,4
4,6,3,5,5
3,3,5,5,3
3,3,4,6,4
5,5,7,3,2,2
3,4,5,3,3,4
3,4,3,3,4,4
5,5,4,3,6
3,3,3,3,4,5
5,4,3,3,5,6
3,4,3,4,4,4
4,4,4,3,3,4
4,4,4,4,4
4,5,4,4,4,4
3,5,5,5,5
4,3,4,3,4,4
4,4,4,4,3,4
5,4,3,4,4,4
4,3,3,5,3,3
2,4,5,4,4,3
3,3,2,4,5,4
3,4,3,4,4,3,2
3,1,3,8,4
4,2,4,4,4,5
5,3,3,5,3,3
3,6,4,4,5,4
7,3,4,2,3,5
4,3,5,4,4,4
3,3,3,4,3,4,2
3,3,3,3,5,7
4,28
4,4,3,3,3,3,4,6,3,3,4,4
4,3,3,5,4,4,3,5,3,4,4
8,5,3,3,4,5,5,3,2,3,4
5,3,3,4,3,3,4,4,4,5,3,4
3,6,5,7,3,5,3,3,2,3
4,6,3,6,5,4,3,4,5
2,1