5,4,4,4,5,6,5,3,2
2,3,3,3,2,3,4,2,3,5
5,4,5,6,4,7,4,5,5,4
5,6,5,4,3,3,4,4,2,3
4,3,4,4,5,5
2,5,4,2,3,3,4
5,3,4,5,2,3
5,4,3,4,5,5
4,4,4,5,5
3,4,3,5,5,3
5,4,5,5,2
6,4,5,4,7
5,3,5,2,3,4
3,2,6,2,8
5,5,5,4,5
4,5,3,3,4,5
5,4,5,5,6
4,4,3,4,3,5
5,3,5,4,3,3
3,3,5,5,3,5
5,6,5,3,3,2
5,3,2,3,4,3
5,3,3,6,4
6,2,3,4,5
5,3,4,5,5
5,5,4,4,4,3
4,3,3,2,3,4,3
4,4,4,3,4,4
2,5,4,4,3,2
4,3,1,4,4,7
7,5,3,3,2,3
3,5,3,3,2,4,4
3,4,4,4,3,5
4,3,7,4,4
9,4,5,6
5,4,5,4,3,2
6,5,5,2,3,4
3,4,3,5,3,4
3,3,5,4,8
3,3,3,3,4,5
4,2,3,3,2,4,6,3,3,5,3,5,5,5,2,21,2,2
6,5,5,5,4,4,5,5,4,4,2,4,4,4,5,5,4,5,4,4,3
2,3,3,3,5,3,6,4,4,3,6,7,7,5,4,4
6,7,19,8,21,4
3,2,3,3,5,4,5,5,3,4,4,5,3,4,4,3,5,5,4,3,3,4
5,2,5,3,2,2,3,3,8,3,6,3,4,4,4,5,4,4
7,5,5,3,6,4,6,3,2,5,6,4,6,3,4,3,6,4
4,5,4,4,2,2,4,3,4,4,3,3,5,3,5,4,3,4,4,2
5,5,3,4,5,4,5,5,4,5,3,3,3,3,4,4,3,2,5,3,4
5,6,5,4,4,4,6,4,4,5,2,6,2,5,4,4,4,4,4,5,3
2,5,3,4,7,2,3,5,3,5,5,6,4,5,5,5,4,4,7,4
3,4,4,4,4,3,5,5,5,5,5,3,4,3,4,5,2,4,4,5
7,8,4,44,2,8
5,4,7,4,4,5,4,5,5,4,4,5,4,3,3,3,3,2,3,4,3,7
5,5,6,5,3,4,4,5,3,2,4,5,4,2,3,4,4,4,4,4,3,3,2
3,4,5,12,12,2,20,6,3,3
5,3,4,5,3,5,2,6,3,6,6,4,5,5,8,3,5,4
5,5,5,5,6,6,3,4,4,5,2,4,6,3,5,3,3,4,4,5
4,3,4,5,2,4,2,5,4,6,3,4,4,3,3,3,2,3,4,5,3,3,2
3,3,2,28,3,3,12,2
3,3,4,3,4,5,3,3,4,5,5,5,3,3,3,5,3,5,4,5,4,5
6,2,3,3,5,5,5,5,5,4,3,5,2,2,6
1,2,1