3,3,3,4,3,3,2,5,7,5,4,6
8,8,4,8,3,3,3,3
7,5,3,3,2,2,5,5,2,5
7,5,5,4,3
2,5,5,5,3,4
3,4,3,5,4
7,5,1
4,3,11
5,3,5,5,5
3,3,3,3,5,4,3
5,4,6,5,4
4,4,5,3,3,4
2,2,4,4,2,2,5,4
10,7
3,2,4,7,4,4,4
5,7,2,4,4,3,3
5,4,5,2,4,5
7,5,4,8,2
3,5,3,3,3,2,3
7,4,3,5,3,4
5,3,4,2,5,4
7,3,4,5,2,6
2,3,4,6,5,4
5,6,5,6,2
6,7,5,3,3,3
5,7,4,3,4,6
4,2,5,6,3,4
5,7,3,4,5,3
3,4,6,3,4,5
5,3,5,3,3,3,4
4,5,2,3,4,6
5,4,3,3,7,3
4,4,3,4,3,2,3
6,5,4,2,3,3
4,3,2,5,5,7
3,4,5,5,3,2,3,2
3,4,4,8,5
6,5,6,5,6
8,3,4,3,2,3
3,4,5,6,4,5
2,5,3,3,2,5,6
5,5,4,4,5,3
6,3,3,3,5,6
3,3,3,5,7
2,1