3,3,4,3,4,4,5,5,6,4,2,3
6,2,4,5,6,5,5,6,3
5,3,4,7,5,4,6,5,3,3,4,5
3,2,4,4,5,4,5,3,4,6,5
3,4,6,5,4,5
5,5,3,5,3,6
6,5,5,5,5
8,6,4,2,6
2,4,4,4,6,5,2
1,1,4,5,5,3,4,4
6,3,2,6,4,4
4,3,5,5,2,6
6,2,5,4,2,2
3,2,5,4,7,5
7,6,8,3,3,4
4,2,2,2,6,5,4
4,2,4,4,2,2,6
5,4,2,4,3,3,4
3,2,4,5,3,6
5,3,3,4,3,3
4,4,3,3,4,6
4,3,8,2,3,4,3
4,5,2,4,5,3
6,4,6,4,3,2
6,3,6,2,6
4,5,2,2,5,6
3,5,2,4,4,2,6
7,3,3,4,4,7
4,3,4,5,2,4,2
2,4,2,3,2,3,3,2
6,3,2,6,6
3,2,4,4,2,3,6
3,6,2,5,2,4,5
2,5,7,3,2,2,4
3,4,4,4,3,3
4,2,5,4,3,6
2,5,3,4,3,5,3
4,2,4,6,3,5
3,6,6,7,4
4,5,3,3,5,3
4,3,3,4,2,5
6,4,3,3,5,4
5,5,3,3,2,7
4,4,3,5,5,5
4,6,4,6,2,4
3,2,6,3,3,5
5,3,2,4,4,2,2,2
4,2,4,3,4,3,2
6,4,2,2,3,6
4,4,5,8,2,4
6,4,2,2,3,4,3
5,6,6,3,4,2
5,3,5,5,4,6
4,6,4,3,4,2,2
3,3,4,3,4,3,2
2,4,3,5,3,3,4
2,8,3,4,5
5,3,4,3,3,7
4,2,3,6,3,5,4
4,6,4,3,5,3,4,5,4,5,5,4,3,2,5,4,4,5,4,3,5,3,4,5,4
29,9,11,1,2,24
5,2,4,5,2,5,4,3,5,5,4,3,2,5,6,3,5,4,7,11,6,4,3
3,7,5,3,10,13,18,6,1,4
5,7,9,3,15,20,19,15
6,5,3,4,3,3,2,4,5,5,6,7,4,6,6,4,6,3
6,18,2,16,9,4,3,14,4,4
3,6,4,6,11,3,6,6,4,8,5,6,6,7,4,3,4,6
6,11,8,3,5,4,4,6,3,4,4,3,8,2,4,7,6,7
6,5,4,7,4,4,3,4,8,4,1