5,4,4,7,4,7
3,3,2,2,4,3,12
3,4,4,4,6,5,5
4,5,4,1,6,2,4,2
2,4,2,4,3,4,2,6
3,3,4,4,4,3,8
3,4,2,5,4,4,3,4
4,3,4,3,8,2,7
6,7,4,4,3,7
3,4,8,3,4,4,3
5,3,2,4,7,6,5
7,7,4,2,5,2,3
6,6,4,5,3,4
2,3,5,5,4,7,4
4,5,8,1,4,2,4,5
8,3,4,2,6,4,7
7,7,5,2,6
4,4,3,6,5,3,5
5,4,3,6,6,4
8,5,5,7,4,4
3,7,1,5,4,4,4,3
4,12,5,12
7,6,5,4,2,3
7,5,5,3,5,4,5
5,4,5,3,4,7
4,5,9,6,6
3,4,3,5,4,5,5,2
4,4,4,4,3,2,8
3,4,3,4,2,5,3,5
5,3,4,3,3,4,3,5
4,4,5,4,2,3,4,2
5,3,11,3,2,5
4,1,4,4,3,5,3,9
6,7,5,3,6,4
4,4,5,5,4,2,6
3,5,4,4,7,5
5,7,3,4,4,3
8,6,5,7,3,2
17,8,2,6
1,5,4,4,4,4,5,3
4,2,4,5,2,2,3,4
4,4,3,3,6,4,1,3
4,3,6,5,3,2,10
2,5,3,3,3,3,1,5,4
4,6,8,3,5,2
6,5,6,4,5,3
4,4,5,2,5,5,2,6
3,3,3,4,4,5,3
10,3,3,3,5,4
5,5,3,2,6,4,4,3,3,5,4,8,4
3,4,3,2,4,4,4,6,4,2,5,3,4
6,8,2,5,4,5,4,3,6,4,3,2,4,3,4,3,4,5,4