3,7,3,10,4,5
4,6,5,4,7,4,3,5,2,4,3,4
4,8,23,2
4,4,3,2,2,2,2,3,3,3
3,4,2,5,4,2,3
4,5,4,5,6
5,2,3,2,3,3,6
7,6,3,4,4,4
3,6,3,3,4,3,7
2,5,4,3,2,5,3,4
2,5,5,3,5,4
3,4,4,3,3,5,4
5,2,4,3,5,5,2
5,5,3,2,5,5,5
4,2,13,5,3,2
3,4,5,5,4,3,3
2,2,3,3,3,3,4,2,5
5,3,2,4,2,3,2,2,3
5,3,6,6,2,5
2,3,3,5,3,6,3,3
4,3,2,3,5,4,5
4,3,4,4,2,3,4
6,4,4,5,5,3,3
5,4,2,4,5,5,2,2
4,5,7,2,5,5,5
6,3,4,4,3,6
2,6,5,2,4,4
4,3,4,3,2,4,5
5,6,6,5,3,4
4,2,6,4,6,5,4
3,29
5,5,5,6,5,4
3,4,3,3,6,3,5,4
3,4,5,4,4,3,4
5,4,7,2,2,3,5
3,6,2,4,7,2,5
5,3,4,4,3,4,5
5,4,4,4,3,5,5
4,3,4,3,3,13
6,4,4,4,5,3
6,2,5,5,3,4,5
4,4,6,4,3,4,4
6,5,4,3,5,4
7,7,4,3,4
4,4,4,7,5
7,5,5,3,5,6
3,4,4,4,6,5
5,9,4,6,5
8,4,4,2,5,2,3,6
3,5,3,3,7,3,4,4,5,4,5,4,4
5,5,3,4,6,2,3,2,2,3,3,4,4,2,5
4,7,3,6,5,4,5,5,2,4,3,3,8
2,4,4,4,8,5,5,4,4,6,4,6
3,5,5,5,3,5,4,3,5,4,5,3,2
3,5,5,4,4,4,2,5,2,3,6,5
19,17,5,9,17,2
42,1,53,3,4
5,2,4,6,5,2,4,2,3,3,7,3,5,5,6,3,2,6,2,6,6,5,4,5,4
4,2,14,4,7,2,3,7,11,9,2,6,15,3
3,5,2,4,4,3,3,3,2,3,6,3,3,4,4,3,3,3,3,2,2,4,5,3,3,5,4,4,2,2
4,2,7,2,5,1,2,4,8,9,9,9,11,15
4,4,4,4,2,4,4,3,3,2,5,3,3,4,5,2,4,3,4,3,4,3,6,2,4,3,6
4,3,2,4,4,4,5,6,4,3,4,5,5,4,3,4,2,4,4