3,3,2,4,6,3,3,4,5
9,7,4,2,4,5,4
4,5,3,4,5
4,1,6,9,3,2,7
3,6,6,4,4
5,6,5,6,5,3,2
7,4,8,5,6,8
3,2,4,7,6,3,4,6
4,5,2,3,3,4,4,4,7
2,6,4,4,4,4,2,5
5,2,5,5,2,3,5,4,4
3,2,3,5,2,4,2,2,4,2,3
5,4,4,3,8,6,4
2,5,4,4,3,4,4,2,4
5,5,4,4,4,5,4,4
4,7,3,3,7,2,7
4,5,6,6,6,6,3
6,3,2,2,4,2,5,2,3
2,6,3,7,6,5,3
6,4,5,2,5,4,7,3
7,2,6,4,3,6,3,2
5,5,4,3,5,4,3,5
2,4,3,4,3,5,4,2,4,3
2,6,2,6,5,4,4,4
3,4,4,4,3,4,5,5
4,4,4,5,5,4,5,6
4,3,5,5,2,6,4,4
4,3,2,5,4,4,4,5,2,3
2,4,4,3,6,6,3,6,6
5,3,4,4,4,4,3,5
2,7,2,5,3,5,2,3,2,4
4,3,5,3,2,4,3,8,3
3,4,2,4,4,3,5,6
3,2,4,3,8,3,5,3,6
4,1,6,4,5,3,7
4,7,9,2
2,4,6,4,6,6,5,3
6,5,4,6,4,3,4,5
4,4,6,3,6,7,3,3
2,7,5,6,4,2,6,4
5,3,6,4,3,8,3,3,4
5,3,3,4,5,3,7