2,3,3,5,5,6,4,6,3,3,1
4,2,3,3,5,4,5,3,3,3,5
4,8,4,2,3,5,2,3,3,4,4,4
4,6,4,5,5,2,4,2,2,2,3,7
5,3,7,2,2,3
4,3,3,3,5,5
3,5,7,5,5
5,3,4,4,4,6
3,2,4,4,5,4,2
5,4,5,3,3,2,3
4,3,5,3,2,3
7,3,4,3,6
6,5,5,3,4,3
5,4,5,3,5,4
3,5,4,5,4,4
4,5,2,4,4,3,4
3,4,4,2,7,6
4,4,4,5,3,6
5,4,5,9,5
9,3,3,3,6
3,6,3,3,5,5
4,5,3,5,5
4,6,3,3,3,4,3
3,5,5,5,6
3,4,5,2,4,3,5
2,3,3,6,3,7
4,4,6,4,4,5
3,5,5,4,5
4,4,4,5,5,2
5,4,4,8,3,2
3,5,4,5,3,4
3,2,6,9,6
3,5,3,2,4,2,5
6,5,2,5,5
6,4,4,3,4,4
5,3,5,5,6,4
4,3,2,5,4,2
6,3,4,3,3,5
4,5,2,3,5,5
3,4,2,4,2,5,5
8,3,4,5,4
5,5,5,4,5
1,24
3,5,4,4,4,2,4,3,4,2,4,3
6,3,5,5,8,4,6,4,5
6,5,4,3,5,3,4,4,3,4,4
4,3,4,4,4,4,6,2,3,3,7
5,5,2,4,3,4,4,3,3,3,3,3
5,4,5,4,3,3,4,6,3,3
3,6,4,3,5,5,3,2,5,3,5
3,7,4,4,3,4,6,3,6,3
2,3,5,6,8,3,4,4,3,4
4,41
5,5,3,6,6,5,6,2,7,2,4,4,3,3,5,5,3,4,5,3,2,4
16,8,11,20,5,8
4,5,4,3,5,3,3,5,4,3,4,2,3,5,3,2,2,3,3,2,2,3,4,3
5,3,6,3,3,6,3,7,4,3,5,3,3,5,4,5,4,4,3,4,5,4
21,2,4,11,4,14,2
6,6,5,5,5,5,6,3,5,8,3,6,5,4,6,5,4,7,3
6,3,5,2,3,6,5,5,4,7,4,4,6,5,3,5,3,5,3,2,3,5
4,4,4,4,1,5,3,3,7,3,3,2,4,2,5,3,4,4,3,3,3,3,3,4,6
5,7,4,5,6,3,7,3,4,4,2,5,3,3,4,4,5,5,8,4,3,2,3,6
3,4,3,5,4,7,4,2,6,5,5,4,4,3,4,3,3,7,3,2,3,3
5,6,6,4,3,6,2,3,6,6,5,3,4,3,7,5,4,4,4,4
3,4,5,5,6,5,4,3,5,5,4,2,5,2,3,5,4,7,4,2,3,4,3
4,5,3,2,4,7,4,7,3,4,3,5,2,3,3,2,5,5,4,6,3,4
3,2,4,5,5,3,4,2,5,2,4,5,3,5,5,2,3,4,2,4,3,4,4
4,6,5,5,2,3,6,3,7,6,6,4,4,3,3,4,2,6,5
2,1,3,1,1,3,1,1,1,1,3,1,1,5,1,1,3,1,1,3,1,7,1,3,4,1,3,5,2,2,1
5,4,8,2,6,3,5,4,7,6,2,4,3,4,4,5,3,4,3,4,2,4
2,5,5,7,5,16,19,2,5,2,3,3,4
2,1,1