4,5,8,7,5,3,3,6,4,3
3,3,4,4,3,3,5,6,5,3,5,5
4,5,5,4,3,3,4,4,3,4,2,4
6,2,3,7,4,3,5,3,2,4,3,5
4,3,7,4,5
3,4,5,1,5,2,3
5,4,5,3,5,5,3
2,3,5,4,6,6
5,3,4,6,4,5
6,4,6,3,6,5
6,5,5,6,2
5,2,4,6,6,6
4,3,3,6,3,3,3
6,4,2,2,4,6
7,6,4,3,6
4,4,4,3,5,3
4,4,3,3,4,5
6,4,14
13,6,5
14,3,5,5
5,4,2,5,8,2
10,3
3,3,4,3,3,4
5,6,15
11,13
4,5,4,4,4,3,4,4,14
4,5,5,4,3,2,3,5,5,2,3,5
5,4,5,5,4,5,3,4,3,5,6
5,4,5,5,5,6,6,6
5,3,6,2,2,5,6,2,5,3,4
4,4,6,5,3,5,4,4,4,5
4,3,5,6,3,5,4,6,3,6,2,4,3,6,2,5,3,3,5,2,4,4,6
8,14,44,1,23
3,5,5,8,3,5,7,5,5,3,3,5,5,6,4,4,5,5,3,4
7,5,6,4,6,4,5,5,2,3,5,4,5,6,5,6,5,4,5,7,3,3
4,6,6,5,2,5,5,3,4,3,4,4,4,2,4,4,4,4,5,7,5,5
4,2,4,6,2,4,4,4,7,5,3,4,5,5,4,4,4,4,4,6,2,5,2
4,4,6,3,6,4,2,8,4,6,3,5,4,6,5,4,7,2,4,4,5
3,5,3,5,4,5,5,6,6,3,5,4,4,6,4,5,5,4,4,5,7
38,2,8,10,4,18,1
5,4,4,3,3,3,5,5,4,5,3,5,6,4,4,5,7,5,6
5,4,4,5,6,2,4,4,6,4,3,4,4,5,3,5,5,9,4,4,3,4
5,3,4,5,2,5,3,5,5,4,5,4,3,4,5,4,6,5,3,4,3,4,6
6,4,5,5,3,3,6,6,4,4,2,4,3,4,5,6,4,5,6,3,3
12,7,2,20,7,7,2,6,9
4,27,18,8,4,4,14
3,3,3,4,3,2,8,3,6,3,6,2,7,4
3,4,6,4,7,3,3,4,4,6,2,4,5,6,5,6,3,2,6,4,7
4,4,5,4,2,7,6,4,7,5,4,5,4,4,5,4,4,5,5,5
6,5,4,6,2,4,3,2,7,5,6,5,8,2,3,6,4,3,3,5,3,6
5,4,6,5,3,5,3,3,6,5,3,6,4,7,4,4,2,3,6,4,5
1,2