3,7,5,5,2,4,5,7,4,3
6,4,6,2,4,3,4,3,6,4
9,4,3,6,3,6,5,4,8
2,4,8,4,6,5,5,2,5,6
7,9,9
4,4,4,4,5
9,6
3,2,4,3,3,4
7,2,4,3
6,3,4,5,3
9,6,3,5,3
4,3,7,2,5,2
5,3,5,4,4,4
2,13,3,3
4,5,3,3,3,3
3,4,2,4,3,5,5
3,4,4,1,2
6,4,4,4,3,3,2
5,3,5,2,5,5
5,4,5,2,3,4
4,3,4,5,4,4,4
3,4,3,6,4,3
5,6,5,4,4
5,3,4,5,4
3,6,3,7,4,2
4,2,5,3,2,5,4
8,8,5,3,4
9,5,2,4,3,3,3
2,2,5,4,6,5
5,2,2,2,3,4,2,3
3,3,5,5,3,6
7,6,5,5,4
3,6,3,2,4,5,3
3,4,3,3,3,6
6,3,3,5,5,2
9,3,2,4,4,3,5
5,6,6,5,2,2
4,5,4,3,4,5
3,5,6,4,3,4
5,4,5,6,2,4,5
6,3,3,6,6
4,4,2,5,5,4
3,4,3,5,4,5
4,3,4,3,3,3,3
18,5