3,4,3,4,6,3,6,3,4,5,4
3,9,6,5,15
4,5,4,2,5,4,3,9,6,3,3
9,10
5,3,7,2
3,5,4,5,3,4
7,5,2,4,5,4
6,2,5,5,4,4
3,5,3,2,2,3,4,2
5,5,4,3,4,3
5,2,3,6,2,3
5,7,4,3
5,3,4,4,2,3,6
2,4,3,3,5,3,5
6,2,3,5,3,5
3,4,4,3,4,4
4,5,4,4,3
6,4,4,3,4
3,4,3,5,5,2
5,5,4,4,6
3,1,15
5,7,4,2,2
4,4,4,5,5,2
4,4,4,4,3,3
4,4,3,4,5,3,3
3,3,5,3,2,5
6,5,6,6,4
4,5,2,4,5,3
4,6,2,6,4,3
4,5,2,3,3,3
4,6,4,3,2,5
3,6,3,5,6,3
3,6,6,3,5
2,5,4,3,2,4,3
2,5,6,3,3,7
3,5,4,5,7
4,3,4,4,5,4
3,5,3,4,4,3
3,3,5,5,4,5
6,4,4,3,7,4
5,3,5,6,3
4,3,3,3,3,3,5
5,3,4,5,3,5
6,4,5,3,2,4
3,7,3,9
6,6,4,4
6,7,3,3,3
3,6,7,7