2,3,6,5,5,5,4,4,2,3,7
4,5,3,2,7,5,3,3,5,5
4,3,2,4,6,4,4,5,4,5,4
5,5,2,5,6,6,7,4,6,2
4,6,2,2,5,5
7,4,3,6,4
4,6,7,2,3,5
3,2,6,4,5,4
6,6,4,4,6
5,4,4,3,4,5
2,3,4,5,4,4,4
7,4,6,8
3,5,3,2,3,3,4
6,3,3,5,3,2,5
7,8,5,6
6,6,4,5,4
5,2,5,6,3,4
4,4,5,4,2,4
12,2,4,6,4
4,4,4,2,4,6
8,5,5,2,4,4
3,3,5,2,2,6,4
5,6,5,3,2,4
4,4,3,3,3,5
4,4,2,4,5,3
5,6,3,5,2,6
8,4,2,2,4,4
5,5,4,3,2
8,2,8,4,5
7,3,3,7,3
4,5,2,5,5,4
5,3,2,4,8,2,2
4,4,5,2,4,5
2,2,4,2,7,4,5
2,2,4,5,4,4
6,5,7,4,5
5,5,2,3,4,8
3,4,4,2,2,4,3,2
5,5,3,3,5,8
3,5,3,5,4,5
5,4,4,5,4,2,4
4,3,5,5,3,5
3,4,2,3,4,5,4
5,2,2,4,4,5
4,4,6,5,4,3,3,2,6,6,2,4
5,5,3,5,4,5,3,5,4,3,4
5,3,5,6,5,3,2,5,4,4,3
3,4,5,3,4,4,3,4,5,3,3,2,5
5,2