5,4,5,5,4,4,6,5,3,5
5,7,10,2,3,4,8,4,4
7,2,6,7,8,10,5
17,4,9,9,7,6
4,4,3,8,5,4,3
7,3,3,6,8,1
7,4,2,2,6
8,20
5,3,2,3,7,6
4,7,6,1,3,7
3,5,3,4,12
6,4,3,5,9
2,3,3,7,8
3,5,4,2,7,4,3
5,9,2,5,4
4,8,5,5,1
6,6,4,4,1,4
4,5,5,3,4
7,3,4,5,8
6,5,11,4
2,4,8,7,1
10,4,4,5,3,2
3,3,3,4,3,8
6,5,4,7,2
5,7,1,14
5,5,6,5
5,4,3,4,5
4,2,3,7,4,4
4,4,4,5,5
6,5,3,1,7,3,3
3,5,5,5,3,3
1,6,5,6,5,5
2,6,3,1,4,4,4
5,5,1,5,3,6
3,3,3,4,5,4,3
3,4,4,1,4,7
7,5,4,3,6
3,4,3,4,3,6
5,4,4,7,4
7,3,6,6,4
3,7,4,4,5
6,3,2,6,1,3,5
3,4,5,4,7,4
6,3,4,7,4
5,7,4,3,6,4
3,4,5,5,3,6
3,3,4,3,5,3,5
4,3,4,3,3,5
6,5,4,11
4,5,5,6,3
4,5,3,8,3
7,5,1,7,5,2
6,3,2,3,4,4,2
5,5,2,7,3,7
3,5,4,3,3,4,3
7,5,4,4,4
4,3,7,4,4,4
4,4,3,4,4,3,4
5,3,4,5,5,4
4