5,6,5,3,4,5,2,2,4,5
5,5,5,4,5,4,6
9,5,6,4,4,3,5,3,6,5
6,4,5,2,3,2,5,3,3,4,3,2,6
2,6,5,4,4
5,6,4,8
6,2,5,5,2
4,4,6,6,3
3,1,13
7,4,4,3,5,7
6,5,4,5,6
7,4,4,4,5
5,3,2,5,8,4
4,4,7,3,3,4
3,2,3,6,4,5
5,8,4,6
4,5,3,3,7,2
3,5,6,2,6
5,4,2,5,3,5,3
5,4,5,5,4
3,6,4,7,6
5,7,6,5,3
2,3,6,2,4,3,2
4,2,5,5,4,4
4,4,5,3,3,3,4
6,3,4,3,6,4
3,8,7,3
5,4,4,5,4,5
5,4,5,3,6
4,4,3,5,2,3,4
3,6,5,3,6
4,3,5,2,3,2,7
6,5,4,2,5
2,4,3,3,5,4,3,2
5,3,4,4,5,3
4,4,2,3,3,6
5,4,4,4,6
2,4,3,4,4,3,2
10,2,2
7,3,1,2,4,4
3,4,4,4,3,5
4,5,4,4,5,5,1
2,1