6,4,4,5,5,3,3,5,6
2,3,2,3,5,2,7,4,4
6,4,6,2,4,3,4,3,4,3
5,5,5,3,4,4,4,3,5,6,5
4,4,6,5,4
6,3,4,3,5,4
5,5,3,2,4,2,3
4,5,4,5,5
4,6,5,2,5,3
3,6,3,4,4,3
7,4,5,5,5
4,5,5,2,4
8,2,5,2,3,3
4,4,4,6,4
3,5,3,5,3,4
6,4,3,4,5,5
4,5,3,4,3,5
5,3,5,3,3,4,5
3,2,6,4,4,4,2,2
3,3,4,5,4,5
2,2,4,6,3,4,2
5,4,5,5,7
4,2,6,5,2
7,6,2
7,7,4,4,2
4,5,3,7,5
4,4,2,7,5,2
6,3,5,4,2,6
4,2,6,4,2,6
6,3,5,4,4,4
4,4,6,3,5
5,4,5,5,5,4
4,4,5,5,5
4,4,4,4,5,5
4,4,5,2,4,4
4,5,3,4,7
5,6,5,5,3
2,4,4,2,7,5
2,4,4,4,2,6,2
4,4,5,3,4,3
3,4,3,5,3,2,4
15,2,3,8,6,32
6,4,3,5,4,6,3,4,7,3,4,3,2,6,6,7,4,2,5
9,5,4,4,4,2,6,9,5,9,6,4,2,4,2,6,4,3,2
3,3,2,4,4,2,4,6,3,6,8,2,4,3,3,5,2,5,3,2,2,2,4
4,4,3,2,5,4,4,4,5,5,6,8,2,3,3,3,4,4,4,5,5,3,5
5,3,4,3,3,2,4,3,5,2,4,4,7,3,5,4,3,2,3,4,3,4,2
4,5,3,4,5,4,4,5,3,3,4,3,4,3,3,2,4,4,3,3,3,4,3
6,4,5,3,3,3,4,2,4,3,4,3,4,3,4,3,3,4,4,3,2,2,3,5,5
4,5,2,4,4,3,4,4,3,4,6,4,2,3,5,3,4,5,2,4,4,4,5,6
3,4,5,2,6,2,4,5,2,5,2,6,3,3,4,4,3,3,4,6,4
3,3,4,4,5,4,4,3,2,4,4,3,2,6,3,3,5,3,2,4,3,4,4
5,3,3,3,4,5,3,3,2,3,4,5,5,3,4,7,3,3,4,4,4,4
5,6,4,4,4,5,6,3,5,2,4,4,5,2,4,4,4,4,4,3,4
6,2,4,5,6,2,5,2,5,3,3,4,5,10,4,5,3,4,3,4,5,2,3
6,27,6,5,3
5,4,5,3,5,3,5,5,4,4,5,5,5,3,3,3,3,5,4,4,6,4,2,5
5,3,5,3,4,5,4,5,6,4,5,5,6,2,4,5,4,6,4,5,4
5,6,3,5,4,3,5,3,6,5,4,5,3,2,3,4,5,4,3,5,2,6
2,5,7,4,5,4,6,4,5,5,4,3,4,4,3,5,4,4,5,5,7
5,5,4,2,5,4,2,4,7,3,4,3,5,2,3,4,2,5,3,3,5,6,2,4
1,1,4,4,8,7,10,2,18
4,3,4,3,6,3,5,5,5,2,6,5,3,5,1,2,2,5,3,6,4
2,5,3,7,6,6,3,3,4,4,5,2,6,3,5,3,3,5,6,3,2
5,3,2,6,4,5,4,6,6,5,2,3,2,4,2,5,5,6,5,6
3,6,5,5,5,4,6,5,8,3,4,5,3,2,6,3,5,3,2,2
5,3,4,6,3,4,4,4,4,6,2,5,4,5,4,2,4,2,4,3,5
6,3,2,4,2,6,4,4,4,2,5,5,4,4,4,7,3,3,4,5,5
4,4,2,5,4,6,4,4,3,3,3,6,2,5,2,6,2,4,3,5,6,4
2,1