6,5,3,4,4,2,3,5,4,3
6,6,2,3,4,3,2,3,1,5,4,4
4,4,2,3,9,2,4,3,2,6,2
4,4,3,4,7,4,3,5,3,3
4,3,5,2,4,3
3,5,3,3,4,6
3,6,4,4,4
4,4,3,5,5
3,6,4,2,3,4
5,5,3,2,5,8
2,4,5,4,3,5
5,2,5,3,3,5
4,5,4,5,5
7,2,5,4,4
6,5,4,6
4,5,3,5,7
7,4,5,3,5
5,4,4,5,2,3
3,6,3,9,5
3,6,3,2,3,3,4
4,2,2,4,3,5
4,3,2,4,2,5
4,5,2,4,5
6,4,4,5,5
3,5,6,4,5
1,3,2,3,4,3,6
6,2,3,3,3,4
4,2,3,2,4,4,5
4,3,2,5,3,2,5
4,3,2,2,3,6,3
4,3,4,5,4,4
5,2,3,5,4
6,4,2,3,6
5,4,6,3,4,3
4,4,2,4,5,3
4,5,3,4,4,2
2,3,3,4,3,4,3
5,4,4,4,4,5
7,3,2,4,5,4
4,6,3,4,4
5,4,3,3,2,6,3,2,6,7,5,5,6,2,10,26
45,47
4,4,6,4,5,2,4,5,7,3,2,2,5,4,6,5,4,3,3,3,4,2,4
7,5,2,3,6,3,5,3,4,5,6,5,2,6,3,5,6,4,4,6
4,2,3,5,2,3,4,3,5,7,3,4,5,2,2,5,2,2,4,4,5,3
4,4,5,5,2,4,2,4,2,3,2,4,4,6,2,2,4,5,3,3,5,3,4,3
2,5,4,4,5,5,5,5,4,3,4,4,4,4,4,4,4,6,4,3
4,5,4,5,5,4,3,2,4,5,6,4,2,3,4,3,7,3,5,4,2
4,5,4,4,4,6,4,3,4,5,5,5,4,4,3,5,4,3,7,4
3,4,3,5,4,4,5,3,4,4,3,4,8,5,7,5,4,2,4,4,4
32,45
3,44
3,5,6,6,4,3,5,4,4,2,5,4,2,5,6,3,2,2,2,4,4,6,3,2
3,4,5,3,4,3,3,3,5,5,2,3,5,2,4,5,6,4,4,4,5,5
5,3,4,2,5,2,5,4,4,2,4,5,4,2,6,3,5,4,5,2,3,4,2,8
4,2,5,4,2,4,3,2,4,5,4,4,2,3,2,4,3,4,3,2,2,5,5,3,4,2
11,1,2,22,1,5,11,5,2,3,2
4,4,6,2,4,6,6,2,4,5,5,2,4,2,2,3,1,6,3,5,4,4
3,2,3,4,2,4,5,3,2,3,3,4,2,4,5,5,2,5,3,3,2,4,3,2
1,11,14,1,7,2,6,2,1,16
7,4,2,6,3,3,3,2,4,6,3,2,2,6,5,3,3,4,2,3,7,2
7,4,2,13,2,4,22,2,7
4,4,6,2,5,4,3,1,6,3,4,2,3,3,6,2,2,5,6,3